2708
806
6250
1818
6882
8345
1210
3424
7786
1103
1268
4675
8891
5514
8072
8816
8892
8503
7900
5681
9234
9836
2915
2218
417
2237
7939
883
736
565
2591
1022
9756
7966
8762
8707
5460
8699
3845
264
9687
9822
9125
1776
8061
1083
8911
7207
3596
7376
5716
6689
7152
8104
6282
4199
5340
5448
9578
8441
1035
3625
7413
9237
1996
6342
6385
4563
4575
1196
9761
3224
7874
3654
2679
5102
2241
2190
9760
789
8782
5273
4269
7618
3460
6795
6509
8625
620
2235
9554
4699
7195
2702
3866
4771
9168
643
8637
2800
4504
1764
1239
7880
3707
5290
5076
4141
4311
3386
8816
4265
7115
1987
7641
839
2854
1991
2543
4662
3746
3867
9773
5336
1019
2055
3561
1665
4254
3746
7323
1662
3831
1074
7818
4909
9563
3309
9091
8020
558
8936
4989
4098
9946
9328
768
8954
7575
7287
7022
4624
9058
8773
6279
852
2149
3075
3132
6378
7785
8017
6489
1263
2767
8038
5687
7984
3198
9333
2781
6666
475
7486
39
7436
8777
807
2630
237
5646
2171
6896
3374
6114
366
8673
8404
2771
5296
5147
7430
8797
7018
4089
2312
3709
8100
2114
630
2436
2210
2093
5303
9151
9714
4264
2528
6050
1089
9007
8681
2555
8745
6062
8731
4760
1375
858
1956
1880
8603
1283
3553
3934
2534
1153
9951
7708
804
8038
4306
4277
58
3503
2473
4735
1733
3423
7778
8456
6483
7990
6530
7676
2115
9540
1915
3888
8170
3497
9123
2243
8991
2999
726
8839
6538
3933
3804
4381
1616
867
707
4121
1352
3079
4146
7003
4243
1444
9320
1573
4550
1170
8646
9742
6299
8633
1688
2071
5786
6305
2836
5898
566
465
3106
2661
8003
7834
467
3146
508
5091
3246
5221
2002
215
2410
239
4339
6207
6236
8734
2828
6155
2032
6843
6048
5389
6645
7616
8305
2717
8358
1325
928
2693
3777
8499
7269
9356
7894
8861
7966
2314
7025
6697
3378
3332
7399
5095
3899
9915
1440
9480
4407
1904
4344
7695
962
6961
1971
5099
4348
2268
4640
9692
3332
6231
5759
6893
9233
6643
72
8167
1328
1980
4119
4112
6048
5350
33
7125
3528
5172
4429
7323
8354
9351
9184
2184
86
7089
6258
5795
9464
8441
9412
9139
7630
8803
2139
8610
2622
6087
1302
974
1633
2664
751
7399
1729
4806
9501
4850
7556
5518
1231
7985
2336
1076
6471
9550
3413
9547
8220
4788
5521
4183
3511
7787
5375
7198
1162
5165
7338
6052
3992
5318
8768
3762
4496
2134
9481
319
3148
4511
7661
6920
146
2691
947
4033
9197
2421
5422
3516
8643
115
1932
929
3169
3891
3679
4351
6956
788
9825
5245
6603
9353
2357
8853
7638
80
7568
5781
6857
4644
7506
6917
2490
5058
9885
6442
7953
5663
6901
960
5529
336
8027
342
9827
3505
5402
6590
7877
1921
4588
3255
1366
4169
4772
1430
6031
7572
6914
8322
3532
8212
1406
3103
2488
7267
2562
4405
5946
2059
6076
175
4942
7289
6608
2955
3530
4330
8280
1655
9108
5578
4668
5661
5832
1675
9614
2687
1359
371
885
8484
8110
2527
6769
6646
3405
9986
5189
4632
6041
9317
4073
2327
4173
9498
8385
8245
3450
5426
8341
9870
6217
7055
8595
6972
1781
3501
4085
5243
8905
8377
1976
7508
1499
8553
2838
3435
2721
9008
8970
231
6527
5568
1048
610
7456
7312
9656
1924
5
9903
4069
9132
1398
2611
7947
3315
2811
3084
5156
5825
7935
4367
8920
6251
8178
6960
893
5900
3475
1433
6940
3387
7023
1821
2775
424
5368
3976
393
7524
2564
2598
5317
9612
9706
2948
2977
5976
5287
7344
9856
3257
5775
3277
250
9306
4100
7250
2970
497
2452
8788
8202
7196
7211
3298
8350
9192
5327
7660
9619
8529
1028
8138
1264
8016
5500
4107
4471
9976
2095
407
7905
6797
737
453
7476
6047
1952
7959
775
6549
2849
9813
2866
4625
8328
4167
6801
7771
2897
590
7748
823
8362
2323
4804
6108
3603
2553
870
7615
3918
9643
9669
6413
5444
4650
5486
5200
377
1630
5000
1563
6691
8125
1124
5435
3809
9304
7753
3626
1975
7852
1423
3877
8926
1719
3190
9753
9755
5574
5929
8123
3910
4219
8127
8095
6915
227
5407
1220
1259
2064
521
751
1527
8691
4155
2121
2360
4915
2879
2375
155
5173
1048
4618
6668
5416
8713
8892
1672
2876
2469
7088
2131
2090
4973
7363
7460
4354
8445
2463
4326
7392
6616
9758
1850
2863
1491
6246
116
42
2397
1292
3993
6994
2324
8379
1796
8860
5837
5838
433
2057
3813
4051
7418
3901
3795
2038
7371
8882
9604
489
5249
173
8857
2621
2185
2418
4673
1617
594
8722
6103
4740
1307
2406
6624
1464
993
1492
438
8632
373
8987
4779
6798
8374
3545
3005
4545
2677
493
2517
7079
209
8608
3804
8841
3102
5037
6148
3822
3848
7808
5022
5791
22
6184
6192
1854
9477
907
4383
3601
4176
6042
9866
3811
4549
8879
938
5996
4227
1058
5714
3043
1371
8751
3901
763
5330
5759
6716
2844
2279
3857
9541
461
6857
6495
1557
6396
9953
7993
1645
5434
9988
7210
7956
7583
6941
539
6825
2877
1717
3437
2435
6785
103
3599
2271
2256
2897
9738
9818
7471
1532
8347
7999
7976
3749
7651
9873
5702
5063
5971
6788
1569
713
3233
7568
7301
3591
7435
4800
2660
993
9986
8586
7202
6573
9575
5939
5948
8069
2878
2149
7048
5396
7846
1448
694
2857
7804
8714
9401
6106
7173
4908
1152
2559
1340
3182
8957
6894
9977
2227
7070
8679
3545
2924
7581
4950
3958
8783
7880
5620
6595
9966
4030
3176
3623
343
1228
9954
3096
3345
4517
7073
5321
8403
3431
7593
570
5379
8887
285
929
1451
9172
379
6069
7150
7698
2514
982
3173
6158
2890
4075
5001
7014
9650
965
3643
455
2990
7164
129
2219
6390
4952
3004
5554
5768
2434
8676
1759
9930
9082
6977
7591
4154
8536
3592
2746
416
7718
9109
4185
7374
9676
3380
8398
8979
4149
3814
8035
511
1113
6581
7710
8452
7624
4961
4138
3572
2501
7385
5856
4690
4811
9593
8642
7634
8323
5779
1459
5285
3024
9266
8701
8079
2167
8620
7422
2922
5524
9670
826
5394
2050
5993
5869
4849
8073
2399
3684
2325
9016
8677
2937
3349
890
9210
4794
4011
2832
6829
485
6560
1755
8060
8535
5307
8408
141
8058
1639
9229
109
8393
4886
613
2597
2444
1051
1140
4880
4967
8453
8779
6856
136
5692
809
1378
3383
8915
914
4725
3482
6835
8353
2025
5386
8356
8833
9226
5039
6025
6081
7455
8424
411
6330
570
676
6303
4789
181
5841
7667
2813
7212
5963
3067
3097
9010
3015
9453
8401
6329
936
4157
1183
8093
1367
7944
8076
6710
2993
345
3238
364
6951
9844
1065
6167
6225
3556
8711
1876
6834
8719
5264
9167
2938
2224
9400
6773
6433
7479
2893
1768
9028
1121
8525
7891
1696
343
8932
7669
1017
8683
2097
9733
7607
4375
3562
9313
9434
6715
3364
3532
2734
2829
5257
5047
5810
4211
3598
7875
9878
9917
3783
9750
7629
3967
3750
3734
2723
4818
2293
3890
5240
3947
9566
4380
5276
5921
3066
6885
7356
999
7742
3828
165
1320
2602
2040
6964
2445
3984
3341
5201
7664
2478
8071
4897
1728
5804
6812
3957
1397
7107
837
2799
2919
1237
6295
1194
5806
1053
5150
2333
6665
8480
7709
4666
7531
5127
1175
6861
8494
9131
1027
5820
1677
6069
7970
6054
1521
34
3999
7688
4387
6173
480
2643
1697
7308
9928
7382
7043
1595
5131
4709
8104
331
5757
2666
9564
8740
4886
5324
7705
4896
2918
4115
126
1350
2774
6506
2826
3058
1332
24
8513
4935
9046
8914
1420
953
4713
296
1313
3837
3120
7977
2891
48
1516
6198
9890
3878
6848
8117
5311
3407
7020
781
9056
2656
1207
7576
1841
1211
3199
7693
5824
7024
4827
1548
4999
1699
6366
7823
1319
2645
2861
967
7170
6061
9695
567
6560
1850
2820
4352
5686
2128
4776
4063
4729
1199
1966
1866
7645
5617
9082
2433
1982
6741
6578
8146
1219
1285
7518
5194
1694
8424
8294
5215
245
3563
3259
9393
394
6611
1581
5945
4218
9461
6844
2352
4800
4959
3985
311
7997
3731
2137
8271
6431
3752
8410
4039
8381
1415
6238
9502
8074
6779
7807
2684
2871
14
9023
9370
9660
1328
587
6111
3807
1580
321
5648
8935
5923
3476
5225
5893
1626
5492
4221
7124
2484
7862
5769
4521
3796
679
3636
3101
7442
6050
9932
3977
6531
9175
8472
2248
5922
9786
1013
1490
1471
3112
6583
4298
262
5093
7002
7317
1605
6386
1343
264
955
5911
3744
356
5469
4798
9774
427
6654
4488
3358
4413
6462
5235
7090
9863
7510
359
6127
5824
1223
6360
5152
9169
3996
9912
9558
7841
9796
2380
3160
4184
5020
2634
7557
8771
8996
2797
5177
680
7859
4554
7181
2258
476
6682
8514
7261
7885
5432
1543
8045
6356
3429
2388
8063
9307
6098
9385
9319
7633
1545
4555
8489
3311
2313
6589
4054
9288
771
5573
8293
7922
9300
1647
31
370
4539
1974
1016
8162
8844
1084
3052
619
7236
9392
6444
3898
9199
3361
9580
2989
8910
3440
2209
263
9441
4267
7798
3663
7860
1732
152
651
3834
1632
9088
3851
3671
1189
6065
6388
1673
181
2987
291
8512
4613
8757
2437
7986
7791
5169
5171
2670
234
1542
7795
5184
6983
3044
3122
212
2675
4080
5617
8113
8077
4703
4499
9248
5178
3579
7908
5190
1675
2404
5089
5067
5719
2393
2217
9295
8008
7193
5604
225
2214
9135
1785
2424
9477
4595
803
5032
6704
7637
412
6717
7006
7799
4329
3317
1375
2716
5756
4347
874
1588
5083
785
5631
3163
6341
242
9499
5310
1788
4791
1520
2934
4314
8648
4432
6009
214
7112
976
656
3936
8310
9500
7461
9152
8896
6143
5642
688
3144
1002
3989
5823
2273
9560
1884
4766
9587
6364
7793
9571
4092
2972
2052
3129
9224
436
1504
5508
7128
7199
2206
9524
1806
3401
900
4271
1953
3673
84
513
3609
384
1560
285
1149
1250
6591
8725
4710
372
1650
6349
2074
450
7130
9549
3181
5649
4553
4970
1827
5567
8863
4898
749
6503
2156
9901
8765
4589
9422
7052
6791
17
4574
9528
4754
1863
7283
5558
4521
4536
4455
9942
4328
3186
9696
8051
2420
7800
674
3263
9978
3186
5248
6655
8566
6253
1481
3240
8222
2593
1286
5216
1266
5990
1039
4929
4249
6300
8732
7106
6408
5878
9227
8663
3399
4495
2011
9403
5675
9998
7767
7807
8666
6769
7185
8818
2889
6571
4830
6979
8849
2590
5370
8900
2881
828
6804
3266
7553
1293
9967
5245
7361
1993
8466
9475
8683
5137
533
3778
8382
2183
8164
5252
3149
9330
1097
5997
5594
4868
6851
5103
3646
2667
9686
2612
3571
5414
8145
8049
4007
9882
2884
9996
2124
5478
678
5988
2001
437
4764
5789
4401
4660
4604
6334
7319
9139
1485
3081
4461
7258
859
499
3468
9894
3526
8672
5729
1951
9777
435
9611
2096
6167
6987
8815
2636
3062
4234
1400
6109
6612
8438
2904
8658
3545
745
3681
6
3770
8909
6599
5223
9195
3230
8243
585
871
2122
5986
5019
2306
9212
8714
9788
770
5965
3978
5038
6956
2007
5636
3577
3495
7491
7946
6550
8190
534
8821
3106
7208
7329
2624
9845
8474
4723
2998
240
8130
821
5797
4445
4583
6666
2624
8589
4912
9158
3228
5867
2958
4443
7679
280
2856
3766
7189
4512
3279
8320
6261
4957
155
4874
232
8020
7010
3389
1516
9544
4416
3477
9
2631
1077
1939
1997
6613
6024
9160
516
8418
5200
9146
3619
9683
7077
1419
1877
9208
1702
4975
1997
9752
3728
5745
7451
7590
210
387
7116
8229
8357
9931
1705
3674
833
3442
9754
7675
792
3271
6347
3724
5095
5052
6436
270
4500
9607
5343
8933
5497
9908
8351
6215
2295
7660
2573
6981
4951
5942
8912
5632
5559
9510
5420
3302
6397
1535
7948
7945
4369
6601
5619
1907
634
4561
5690
5981
6248
9999
9246
2157
347
2510
3346
7713
8446
8312
8218
9092
7623
8689
583
6157
5399
9969
7978
1103
1771
6344
7992
5532
6564
4651
504
4973
950
1148
588
2692
2928
4194
4406
8001
1225
1948
4379
4498
4925
1494
5388
5481
729
6842
8763
6295
423
2205
1100
3607
2254
3168
2136
3029
1928
135
8889
8102
5501
1983
1501
8874
9934
7866
8622
5226
3062
7011
3723
2738
5477
9173
3735
3823
1565
1191
3963
5802
1185
9423
3195
8191
3693
4658
3268
7035
5809
2706
2374
3222
4142
6758
9265
120
4846
1653
1833
4916
3337
7352
3362
9869
176
9272
4088
3794
8787
7309
8185
5447
2400
9002
8857
8668
9387
330
259
4616
978
1135
2372
7521
8451
3757
1670
2570
7350
9424
1797
6104
8450
9363
9473
2912
2105
8434
3118
4528
9937
7185
1692
9735
2358
2573
1896
9236
2757
277
4382
5120
9467
1848
2264
2070
8952
5844
9163
3638
6671
2365
8850
3366
8227
3448
8969
7625
5829
4770
206
3223
5799
3303
3824
7822
3472
3764
1614
6685
2963
2966
4131
6965
7513
1795
6824
1770
9440
8961
1662
9205
3100
4746
9610
8423
3327
6422
1029
2260
3016
6864
1374
4438
1281
552
7824
7316
1145
9573
7757
6728
8505
6445
6846
4931
9694
8161
7617
8835
5531
5155
27
6897
3789
501
7123
5274
1967
3732
9045
8755
6928
9945
4771
7564
6588
4877
6323
3188
9726
444
8234
5560
3196
6497
8241
7452
2317
9679
3018
6184
6398
1650
1382
8189
1475
5539
3291
1829
3136
560
1188
6257
909
5702
5465
5788
553
4336
162
1888
2695
8040
3457
1891
3523
5482
6724
3487
6908
4048
6916
7102
189
7776
8214
3581
3689
2942
6669
4603
4726
6182
3667
3281
128
8151
4055
5788
5187
1478
5801
8390
2926
7111
1474
5576
8233
7821
6326
3205
645
8317
8556
7138
9006
9256
8057
9833
4049
2152
1473
69
6137
7289
397
931
6750
4546
2347
527
3389
7657
885
3990
8191
9675
8538
9360
1373
5780
9925
5232
2060
1600
8226
4414
9373
79
5100
9517
536
1522
8477
2367
5442
7303
7320
6116
511
3864
4433
9681
2485
761
9389
6557
3692
4519
5615
1147
4417
5222
1775
5441
5920
6734
9411
9640
2868
7389
7761
3498
9599
6172
2839
9044
5405
4
5796
3225
490
9034
2529
2733
7550
1513
8175
8802
4892
8961
2432
180
6852
3938
8458
5903
6327
1779
358
7987
8953
5112
6224
5646
2547
5967
9482
2753
1496
6458
959
8875
4302
18
8842
6096
7225
4943
745
1438
8203
2777
3189
5943
6188
7407
9645
7531
1496
2387
7488
4570
7041
8040
9180
9739
4106
9940
5484
6555
7449
6429
5237
3368
9697
1793
2909
3445
4045
4925
5035
3622
9051
9505
4468
7589
8427
5144
9198
3409
3587
4129
6866
8367
685
968
8491
25
3917
3037
9211
3653
8727
952
7620
9276
1585
8925
4148
2199
6039
631
8558
6372
6255
1040
7412
1174
2980
5670
5957
177
1859
1052
252
1028
2808
7598
1360
7058
355
7167
6485
382
6423
3782
254
5649
3011
6539
6459
9164
233
538
6267
1034
734
5066
20
2286
759
5459
2320
4985
1687
2627
2372
904
3247
2446
3687
124
8410
3506
4738
5378
8007
1699
7162
1
6531
2480
9732
4796
3134
9667
2390
2642
672
2208
8700
6597
5197
6909
4202
7042
5172
197
6508
703
4287
3292
3827
9013
5278
1595
6749
7759
7585
6450
8973
5053
3204
9369
2991
139
4836
6555
4393
7553
9153
8727
6375
5891
2414
2042
9047
68
921
8603
9783
4726
5888
5259
1861
8248
3964
3441
5453
4923
4168
6722
2729
3681
2428
3567
6352
8251
5907
9094
2008
6567
9138
6407
6145
892
8696
8265
1260
940
3527
5711
8981
9018
4094
466
4546
5209
7140
2740
5033
6251
6628
2867
9089
5579
6552
1356
544
3111
6855
7072
1535
4311
1919
8269
2670
56
9220
2197
7750
8822
8578
1822
6634
1937
90
4821
4324
3326
4206
5621
1855
1071
1442
43
7619
3887
7335
94
3872
837
683
5555
8365
4389
9684
9803
4869
965
1973
606
7836
6594
3775
6152
8144
2905
9485
5410
7030
4525
8084
6849
6121
8099
8508
4334
9121
8555
432
7745
7706
8137
2065
1941
4469
9144
1663
8396
2793
8715
7410
6085
6660
8232
8340
1325
6183
7962
2216
7505
4941
804
4327
3469
2522
6101
1831
9911
2181
8476
1799
4132
4657
5271
2615
1321
9657
8237
8945
9004
8930
1708
70
3552
6229
4360
9103
1702
6459
8432
4550
8963
9373
9057
3487
7068
9052
7758
2981
3922
4402
4260
7901
469
1680
3273
5705
7355
3854
5950
3255
2356
9715
8389
861
73
6782
2135
9410
7396
1099
2657
5698
3884
9826
6118
7294
9888
5185
8624
4747
697
1277
4463
7504
4637
973
449
6493
2931
3581
5877
7727
9771
2851
204
5181
3970
1710
6498
1337
530
4361
4627
4120
4117
3657
9166
8702
3739
739
5990
1098
2614
4420
7336
6486
6963
2849
7813
5345
6860
6227
5794
7797
5553
8367
9071
1572
2353
4533
6301
3110
2291
110
8547
2081
2377
4246
5959
2862
3087
614
6447
2652
1804
7346
4920
2596
6040
2714
9864
8565
1918
5327
7689
51
8560
7472
9538
2102
459
8204
1014
7001
7169
5843
2148
8742
6717
724
3064
1393
9308
3033
4376
3983
2329
9893
5851
2500
3645
8492
5549
156
5657
2933
6335
9949
7156
9847
4706
6205
2448
6928
9534
7733
9737
1920
3656
8695
9557
714
3869
3942
662
5585
4656
9102
1625
1306
6570
9255
8343
8592
794
5166
8051
3640
9849
2174
6202
2740
7143
6989
2474
1446
6178
3192
3712
1712
3060
1254
1409
5772
78
6862
6787
6568
4052
4645
8019
1275
9290
3896
723
8528
6004
7136
2061
1209
2719
586
6871
421
5782
7614
9271
2233
6582
7726
9872
8297
777
1823
7820
6141
1269
6364
5220
977
8766
8678
3197
8207
1120
2322
8426
2632
3483
1802
9919
3785
7979
5279
2447
8704
9955
9471
7214
7108
7919
246
9995
154
4145
8564
2550
8735
6045
7203
3330
3549
2709
7188
7421
2688
4386
1567
235
7882
2941
1592
5600
5065
8526
5464
7234
5598
3045
2335
4686
5758
3573
7108
4187
3000
9349
9688
7138
1198
2242
9457
5151
5854
4337
4937
9637
8295
664
7522
8572
1156
7242
4576
904
1061
9798
4815
782
2108
8417
3357
4204
1561
211
4252
4310
5892
7317
829
8656
3727
6561
3140
4143
7334
4932
8428
8532
6934
1713
8129
3351
5776
4047
7902
7854
8112
6090
9855
6586
8394
3496
7168
1357
2600
7952
9597
8448
3861
9823
2968
4363
6752
3881
7811
1726
7719
9020
5808
1345
673
4485
7611
9599
6874
5239
1353
4435
2387
577
6234
6551
3742
1587
6448
4619
8560
5732
171
7370
1590
9636
147
5084
5951
4611
4392
9064
9303
502
1590
5489
9562
1096
6819
8163
482
9843
4854
3153
9053
6194
2352
7663
8210
451
4918
5134
5668
787
2289
2616
5123
6192
6572
6778
4858
1101
9531
7988
7233
7801
6882
4426
1864
7273
7121
5913
7383
2298
8571
8887
1134
420
3589
6368
6708
6124
1604
6759
1054
3469
9799
1158
2443
4161
8289
9334
2495
5078
7450
5233
7153
6933
7686
100
9972
2013
8444
1387
2798
5440
8133
2130
1274
8767
6541
487
4313
4824
8946
6965
2883
5463
834
1556
4722
4192
7129
4696
908
8822
9191
8521
706
1334
3934
8361
8420
8916
3484
3542
8611
5211
6607
9011
7351
9147
4239
7653
7017
5511
496
8274
7730
944
2783
4948
9048
8049
2512
7204
557
2029
108
2950
3138
752
5027
6620
8216
5081
7724
2006
6174
1001
3219
1379
8941
6972
9689
5640
3606
8584
8159
958
1205
5872
7868
4025
9853
8614
3417
9883
5965
9665
99
7787
8221
5699
1004
1008
5352
596
8738
7444
6417
7668
9397
7918
3987
9508
6850
2168
8336
8153
9183
1760
4030
8193
9857
1466
4949
990
7963
4168
2345
7770
4992
9910
7627
730
8260
9112
9076
362
9730
3394
7369
5495
3716
4509
4352
3843
2780
687
1455
8480
8135
4061
1276
6480
8325
2722
9840
5244
8285
9690
4137
6939
1671
7532
9297
2658
2758
5748
3069
6071
261
5550
1886
6400
2768
8604
9596
954
7086
6968
2193
6095
3413
709
4962
454
9181
9914
4501
8455
5977
5530
6780
3027
5666
4237
9939
6021
4807
7496
7586
8326
8951
2679
5863
1865
8471
604
9024
2489
5437
915
12
4930
7844
2063
6501
2711
229
6351
7235
9534
8332
1137
9268
6810
5145
9107
9327
3072
9359
7593
168
1318
7149
4489
1808
8867
3726
7465
5885
9514
7492
6403
298
4255
5088
7815
1461
6317
1173
3216
2076
2402
6425
5383
9242
6790
9359
8644
2176
5840
9380
1623
6398
4497
2942
9523
6988
2384
4938
778
3973
7769
6060
9528
4400
9274
9184
2781
4732
163
8097
4890
6476
1234
695
8500
3931
4974
1405
7343
9699
4689
712
3907
341
5192
9617
3326
6044
938
5918
9575
7444
7582
1166
2440
7702
318
525
1628
8168
2270
941
5288
6781
3786
844
8830
4743
2648
1668
5175
5104
6099
5110
9474
2580
1750
177
8749
1063
130
9515
2374
6472
1784
6577
8721
5741
7995
4023
3626
313
1594
5085
8808
1238
7950
4286
3406
4996
3741
1716
6154
1021
2417
4704
8179
7297
6991
222
9598
5005
5013
8033
6096
6139
4905
1201
4126
4110
5373
6771
4582
789
2017
3803
4012
7833
3262
7151
2718
4034
1136
4124
3463
922
3301
4536
4577
5814
4472
9447
6457
1658
6657
6822
1985
9413
4571
6159
4640
8230
9830
2016
3713
721
5834
7339
64
236
2533
1780
5231
8110
8661
252
1418
8818
4593
93
5936
207
6132
7704
8244
943
872
1917
6454
3537
9417
4608
4567
1870
979
6265
6768
3287
7889
8421
7713
2618
7148
8359
9367
6710
6970
1715
2784
8748
9835
5733
9997
9176
7352
3907
3340
4022
9750
2384
6868
6037
1803
2834
4863
1347
6505
4107
3894
3719
3211
8851
9800
4769
1872
239
4332
3394
2755
3056
8044
6358
2524
4526
1091
3282
6307
7697
9979
6066
2539
1204
4303
3338
589
6585
5818
1435
6700
561
5080
4979
1598
5339
1247
4118
3799
1154
1898
5855
2869
2265
5424
6093
6463
675
3524
6576
2920
7485
1141
7066
8861
6307
4109
7674
7873
2579
6013
203
8134
6903
7831
8794
2988
9252
2504
9520
5736
2667
3588
5401
8313
9629
4840
7712
6575
6272
4907
5597
641
2318
5862
9346
1742
9791
4003
1908
7659
2820
4267
4885
4216
5309
8577
408
8629
95
6955
9425
8195
3515
36
6537
9682
50
2053
6627
6254
4741
267
4208
5919
9792
9371
1230
3251
6579
1762
9012
742
8968
338
7892
7666
1024
8778
9958
9707
7907
9316
9851
4631
5798
9323
8471
6684
7059
9944
8576
3420
1607
9602
7680
9677
3419
6073
2486
3269
6950
164
8780
7991
875
123
8433
3012
3339
2305
1902
2092
2439
5070
2233
2486
2004
1243
3597
7243
3884
6926
476
6573
9187
7958
7917
5079
7409
4766
4058
2252
2557
990
2163
5043
3695
564
2816
6701
7847
4901
4000
7379
1898
7514
1747
8921
4672
7540
2145
4871
8054
6125
2009
1345
4082
726
8098
3490
3105
9780
6545
4819
4585
9924
3937
1056
4630
3179
5853
228
7361
7928
1242
4670
9215
5269
1642
5179
574
5552
13
3410
4779
9296
1935
9073
2625
1469
3847
4944
3202
4448
7758
9270
3012
2126
1058
4019
7157
8174
912
1149
1082
1810
6007
2240
2921
2036
6707
8034
5281
2200
9937
405
7299
3474
8865
3879
1539
9749
3578
6841
6059
6430
1921
8545
274
4552
2640
3214
4458
3304
7299
9000
3541
7298
1445
816
655
8750
663
4178
9633
5830
4539
1212
3200
295
1531
4081
400
3445
440
3875
5672
2048
677
4237
5472
2824
9874
9722
1507
6016
5254
9716
5721
472
2366
7286
8612
4981
3300
7652
6337
4484
4503
6244
7603
1892
1878
4014
7733
6168
9595
764
5261
2645
691
5377
9017
2153
1281
4343
6223
1772
4917
4308
6975
1396
3363
972
4009
4895
6288
8303
4195
3460
5367
5953
5720
4683
1482
9204
635
1287
5071
365
3164
8988
8639
9613
5129
725
2885
1593
720
980
3280
5314
5475
7219
323
3253
2944
7577
6789
7176
4465
9015
3798
6777
5074
7349
545
8256
161
8753
1603
1295
9710
8660
5499
284
3235
4150
1881
6632
5568
4013
1009
9284
1060
2569
2870
6918
1404
2461
3244
617
3209
2297
6767
9154
8180
3925
6491
470
1768
1165
8724
3086
4792
9294
6434
8091
2851
7530
7887
695
1252
9831
7205
6027
9128
9897
3531
4399
701
6873
997
3089
7417
9075
4994
9161
2127
6729
9727
5969
1075
8811
651
3479
8290
3673
3057
647
361
741
2726
5282
7685
7304
2453
331
5755
3031
2956
2069
6287
5513
1064
8281
8065
4944
2016
1605
6163
1245
6481
7397
2979
2482
8791
1308
4443
6652
3614
1122
479
4737
8626
8792
5212
9865
5614
8375
569
3988
6892
4222
9670
1680
6043
5120
5764
4513
9426
5817
8664
7699
9113
7796
6305
2386
7464
5879
4145
9155
9854
2744
3657
6466
9184
169
5466
4598
4968
5396
8315
3304
704
6117
8316
6811
4302
924
6089
8108
7925
7057
6119
7439
2267
5183
6140
2540
4302
1127
3149
8854
1480
288
7218
2577
1069
6082
3664
329
2382
4233
2078
3133
9200
5984
5138
3590
9087
4480
888
1744
9111
351
6313
3359
3701
363
1308
5902
8977
6311
9425
7221
9453
3355
3628
1825
5665
52
4654
7646
3946
7502
5292
2823
1584
5785
1977
8982
1850
3951
2091
7256
8309
11
7536
3316
692
6678
2012
9626
6014
9503
2731
4440
2913
3649
3715
4441
8543
2730
15
2247
9586
6415
9972
2215
9239
2165
7165
1529
1336
59
7816
1743
5124
9584
4782
1869
6452
7373
5749
1070
7600
7093
1730
3416
8598
1108
7538
8011
4601
708
9664
5146
6277
8937
6094
1690
2538
3283
4831
6078
2959
8032
7364
7485
8670
1783
5437
6969
6297
312
6679
3551
841
4309
1685
9154
7026
7566
1945
8832
3003
9250
3779
1691
1519
4195
8956
8541
8769
3002
3655
4714
7091
7098
7974
9991
4681
1959
2737
9748
1425
1026
9805
1862
1192
869
7100
5318
1965
6036
9621
6402
5502
1110
8770
2616
6395
1961
3293
5379
6128
1038
1983
4860
4646
6580
389
6058
8184
354
9043
8744
4638
6011
856
8475
910
827
2168
2316
8089
3548
8593
8551
512
9065
9241
2546
7781
9947
8813
6338
47
6677
1725
367
3670
4579
6165
3519
4050
5793
592
9685
8650
4541
2730
2752
719
5866
8593
1226
9693
4122
6204
3620
9399
795
460
2256
6584
6062
6636
74
3962
4454
7306
8805
2047
1233
8788
8698
1322
4007
6260
7640
905
3817
7209
1563
8024
2492
6514
6315
40
2908
9362
8022
9718
3461
669
661
3161
3974
5995
1494
5536
3125
9277
9439
2309
8031
5213
273
9341
1636
3433
9616
5576
3568
7159
1787
9984
8210
4870
4832
8286
6803
5708
5421
3410
7437
2619
9217
8784
659
1686
8264
9776
8655
9526
7692
9820
44
5857
2472
3502
5286
1214
2858
2079
8662
9258
4751
4041
5695
7671
3909
1258
7585
7101
3772
5734
7267
8459
2202
4578
9409
4074
7743
8706
854
9091
4586
6401
5904
2973
866
7888
4584
6945
8262
7327
1411
1827
4482
6241
3787
6090
5417
5715
8479
6272
3356
2828
638
4160
6723
8903
5592
6910
9689
7016
8669
1348
5925
6920
464
9511
4851
244
9766
249
5016
7564
488
5186
7377
5154
5561
9720
219
9406
988
6271
4191
5728
9763
3538
8335
4840
649
6353
5858
4449
7500
7480
7965
8989
3788
8083
3157
1644
2129
9274
5333
6720
8688
7305
4213
3853
3608
4566
9532
1338
1954
2425
8938
2304
9285
7012
2726
5928
5611
819
1707
4609
8833
5722
5725
2725
832
1683
8372
8775
3008
6921
4845
3040
8899
1559
2650
5827
9821
7406
9712
6991
7244
3028
5403
2520
8597
8880
531
9177
7063
5256
7949
3412
7220
4848
8786
2683
8487
8923
2142
6197
3544
6653
4113
830
6553
9134
6416
2213
2822
7602
1460
4090
8578
9887
3888
1432
3236
3971
8616
5813
3827
4660
735
3886
3180
3210
4972
3913
3536
5063
2932
4602
8109
2613
315
4349
5062
7120
9564
1819
898
4701
4564
5210
5315
8563
4331
6623
7695
2100
8449
6774
4037
3948
4103
5821
7655
6189
6179
5479
9770
290
5961
9494
5974
9606
9649
2587
3288
1278
500
9591
5335
5353
5471
7092
1578
5874
9646
8463
4039
1364
4745
2332
6900
4410
5236
9869
2739
824
4029
9100
3979
6414
4209
8115
8619
3874
186
2441
722
4919
1832
8470
4427
3176
6754
2913
2789
4134
4159
2423
3533
1114
5680
4558
5589
5748
1775
5129
822
8901
5419
4759
9491
7065
599
4478
5116
6331
6068
426
8015
1589
7037
429
2566
7784
1215
9353
9891
1355
3116
8758
5204
3485
885
8634
5958
4821
8554
7549
6510
8682
278
5935
7735
5973
7062
5717
2875
6735
7253
3540
6279
2786
5544
5546
5839
1740
4179
5293
3454
5938
6449
5845
3036
1168
7132
2537
961
8370
639
813
4279
5490
3846
5139
3575
9747
9455
2229
7533
5164
3802
1551
5364
4334
7608
2462
3155
9861
5431
62
9260
9344
3666
6852
5015
1171
6954
7810
2056
4250
6208
9522
6674
1072
4677
5694
1649
7206
3882
2279
5588
2589
3595
2325
9767
4739
2382
8709
1136
1358
6839
2954
1023
1654
3951
1914
1291
5883
4102
9807
3305
5006
2172
1452
4177
593
5085
7049
6133
4190
9915
3172
2087
4647
981
7910
5114
9081
6692
4436
1541
2471
4317
6766
7547
7736
5141
3250
5811
7326
4232
4290
6215
2804
2586
4684
8036
2847
2560
195
8493
374
7087
7197
414
1609
3232
1427
8408
72
3396
2086
7375
2367
8455
5503
8024
7232
3512
55
2321
5917
3193
3348
8118
306
7414
7104
1938
5161
3629
1388
3868
1989
3462
2459
7982
3554
2456
3826
3119
1455
1648
855
9442
2917
6015
3229
5263
9119
4636
5652
4507
3047
7245
8509
3642
2531
4487
3269
8121
4655
5363
9309
1514
9089
2511
6110
5538
7061
5042
9402
8353
5356
9149
8504
5270
7727
5572
5819
3046
1694
519
7276
9132
8252
2000
6888
3564
142
8938
2187
3241
7628
6349
10
9287
9060
970
9472
3822
6733
7606
9581
325
113
7774
2594
3422
1987
4296
5747
92
4696
8540
758
4292
9716
9126
5092
4002
1402
2189
7249
2040
4418
2282
4072
6175
3150
2166
8462
710
1703
3950
5926
6736
4838
9331
8198
5069
4388
2558
5010
402
2227
1553
9187
3768
6380
9025
5249
4394
1570
9772
5649
5393
5294
4705
6190
3751
8760
9331
478
989
9545
2308
9533
7105
9632
5627
2415
9066
8525
6511
5604
5026
889
1708
4316
5946
5372
404
6135
3156
333
5046
1457
6088
1434
7817
4171
7936
894
8856
2175
2394
2287
8601
2786
2026
6737
5090
4883
9262
545
6523
1756
3989
9504
4134
38
1637
3107
2818
1599
9710
7056
7216
1972
5864
2450
8343
6937
4066
4066
2251
1610
5765
275
8978
9383
9909
1834
1515
8271
9929
7172
5512
4365
518
4391
520
6221
3143
2796
9484
9201
3949
4494
4927
7772
5170
5413
8997
7596
1949
2346
8959
4816
6275
6304
6998
9329
5008
1107
5585
336
7525
5068
7937
3801
60
6992
7739
3444
5323
7954
6263
1629
1840
2845
7969
8412
1414
2795
1271
5612
7858
8674
9267
4659
747
3343
7960
666
6029
4240
9862
865
3074
3604
5889
9989
8022
9229
6743
3895
299
3
1222
29
7171
8980
6704
5009
3397
1825
4457
1927
8324
3065
8012
580
3913
9335
573
8875
6500
1341
6887
6019
3504
1431
2117
9375
1187
3958
9114
4376
8895
5358
4125
927
2191
9674
5659
8807
199
2344
9369
8399
4481
6522
2681
7870
1342
3996
2592
8855
9302
6461
6006
8087
7321
1678
2154
1992
5297
2602
7302
535
4768
2212
3038
8067
7711
9251
4958
9048
2107
3733
8263
6998
2519
4786
3792
5260
9725
258
792
2338
7380
4021
443
5606
6597
6290
6558
7574
1843
6659
6091
5952
4614
7327
5458
6156
2218
4529
7845
5906
975
640
2647
864
1611
4127
7641
381
3593
5660
9466
4814
4945
8201
9428
7423
8740
215
1720
7157
6038
2637
997
192
1007
5011
9949
1080
4223
6785
1940
184
6035
9165
1122
1406
484
45
6405
5812
603
2142
7895
9143
3073
3683
8583
6394
8534
1296
4881
5540
6889
6878
5664
8235
3844
3862
8384
6890
1144
1131
7929
5688
1227
7295
6379
4451
3251
9219
7237
3696
9228
6346
5180
3968
8490
9179
9496
6424
8607
6032
7721
4289
7636
8058
4795
1079
1538
2766
5034
2492
877
9673
9485
6237
9213
3652
6706
3208
1034
7983
221
4688
5126
3418
8339
8878
2238
5616
4687
7539
9590
9203
4300
7446
5641
9256
4855
2575
8761
8150
2552
2848
5991
4026
6673
7830
7475
8149
8004
71
1544
3842
9654
490
2311
5121
3615
602
1086
7920
3931
5338
8530
8464
5684
3054
4543
3131
8955
2600
2651
3818
7117
6792
2833
756
3124
1109
2067
6872
6593
7368
3438
3479
7474
96
7029
7838
2544
1762
3006
4691
6456
8495
9125
6647
5163
607
6517
9310
984
783
8966
2660
646
2568
8297
8788
1509
9941
9919
4366
9218
9215
9315
6596
4087
7142
3601
8516
328
3398
4014
5115
682
1000
6384
401
6196
4773
8407
7348
4724
3499
8847
6484
6381
7957
550
324
9655
9639
9898
9906
8330
8159
7580
666
3095
8710
4086
3284
669
8465
6739
279
6487
7604
1506
147
598
5643
1146
5777
8333
6389
8314
9816
1912
9727
4598
8055
2791
1600
5498
4297
2381
2481
2770
1240
3718
9438
5894
3759
612
8395
5743
8157
6698
4716
2975
8931
260
2355
7762
8507
5593
3017
8566
2743
1890
616
9782
3020
9398
6994
9264
2545
4708
2220
9542
7216
3009
3083
6370
7050
1786
3620
5654
6817
257
2362
509
5912
1630
9488
881
8195
7686
7498
9001
2106
3660
4981
9834
4749
6561
5059
9678
5667
6165
5851
140
2562
1368
3274
6606
3910
7706
2098
218
3467
9794
5312
8096
9961
2038
8247
8304
1290
971
3258
2192
5082
5654
7494
8075
8338
2907
6691
9318
7975
8684
2747
6387
8086
7119
7677
8277
4143
4866
7649
3123
1656
1906
6656
1579
5783
8026
605
4706
2541
63
5330
983
3943
2727
2198
1867
7926
416
9222
1262
2690
5563
4931
2682
9608
5075
8308
3077
287
6339
7558
8975
3014
1487
7227
849
1908
9148
3048
5136
8844
5462
6357
2759
6200
2855
1019
621
5626
9990
8279
3745
6881
8653
3983
1177
6966
2971
3836
5430
7145
8762
5753
6000
7033
5994
3289
7359
5884
4024
5682
951
2044
6392
3135
2745
2996
1798
1900
6144
9380
5204
5422
4483
1887
2299
9525
5709
7658
6959
3336
8894
6001
6293
1401
3756
3310
2204
456
3166
1788
9539
1273
6801
7612
2803
2698
76
7163
7325
5883
4676
1179
3494
5537
6614
7390
2103
8877
6618
5934
2825
3725
7961
3374
4281
7271
481
4838
8207
6405
5983
3191
6898
8918
925
703
921
3322
7400
8950
6439
107
8009
689
8870
8596
191
1981
5252
7251
6478
5535
491
801
2637
9999
8581
2413
4193
8156
2953
948
5262
5985
7467
7898
4248
8827
7073
6799
9577
7716
238
9936
49
7751
4505
2151
1828
3691
6018
8200
1163
7523
3700
6314
8781
8809
1853
5218
4611
6643
5018
716
3297
9800
6315
2578
5691
4227
9196
9293
3128
5433
8644
4712
7386
1814
668
9652
6948
5109
6776
3141
7239
6990
3286
9493
1801
2549
6203
6751
4172
9421
3220
8421
4742
2284
4164
9118
9769
6913
3147
6791
8896
6650
4214
6174
899
7405
3381
6760
8997
1042
3548
1018
9913
8550
106
1778
4934
9968
5607
3945
2927
9630
4591
7620
447
5778
21
3671
4762
5371
7387
3583
3290
2724
9905
425
5382
4828
5601
6863
9892
6074
1585
541
4665
1692
5522
6699
6827
5042
7971
1085
7964
1764
3516
8029
7854
2119
776
4761
6919
897
4097
1905
1737
1754
8250
3088
7144
3808
9450
6366
9408
4695
6268
2022
2874
1450
7749
7654
2391
4947
6362
4900
548
6794
5342
7805
5574
2334
2068
6712
2790
9546
1809
7647
9470
7649
6545
3584
4751
360
9124
9877
3389
7829
3350
7008
3926
8671
8693
4669
4988
760
1115
7723
6756
404
4006
419
7190
4813
4362
3278
1689
7294
9032
3114
132
8599
3957
846
6625
6807
5443
4473
3570
671
8435
5229
4083
1577
9496
6114
6212
2456
9519
7281
8239
6800
413
9957
509
414
3455
434
5707
2572
5803
1533
3728
9405
615
283
8691
6319
9921
2450
9806
3897
226
7230
8539
774
6976
1790
9516
3612
4093
8468
5834
4879
1581
1413
6008
6160
4980
9174
8746
6622
3373
6162
8904
4446
3203
3607
8141
5188
873
2294
2193
6428
6658
6564
4995
6325
5783
498
522
1895
2975
1903
8126
6199
6245
547
2262
1731
1175
5517
9324
1835
7741
3703
9642
270
2994
1621
2800
3039
1195
8946
3170
4844
2075
5633
9450
9055
823
425
2300
2162
7360
7883
4355
8687
2817
1486
8158
913
6536
1816
4817
5348
700
3997
88
4833
8517
4271
8469
2754
2633
1246
5196
4370
1468
5398
773
5268
8801
6083
6150
9958
6927
7516
6164
9034
4747
3763
9101
4474
91
9282
9849
3566
8259
9343
3678
4936
1044
9448
1933
4954
9386
5325
9459
6055
4890
2508
8537
7930
6757
7354
2719
2145
5428
2116
6389
1977
1554
3646
4621
9388
820
4873
6984
422
3915
3508
2982
3699
4820
7076
6592
5098
9822
6877
6833
5941
1232
8300
5638
6443
6018
8836
4757
9067
9202
1299
4378
1556
2288
4791
3764
6605
6412
3774
9465
600
6074
9744
2357
299
6820
294
7097
1073
9934
5608
551
2789
4057
8618
1178
7284
494
2222
9357
297
2274
9110
9468
6322
7078
7924
6602
8908
4062
3876
7200
7429
5896
5876
1934
8430
5815
7891
8062
8635
7398
9292
6929
8799
8694
2689
7828
796
9729
4284
9589
617
5118
3175
5882
2409
5143
6651
3509
7147
7045
1157
6806
8249
4241
9085
8569
3446
2398
6477
9743
4064
2831
308
5988
5347
8771
9583
3382
8406
5505
4591
8621
7036
4230
4101
2713
4395
7835
1003
4450
3458
2625
7979
2027
4460
6469
4282
9963
4077
8793
7513
3436
2608
5859
6153
7579
4544
7790
2133
5479
6516
7182
7043
7262
7047
5749
9983
3261
609
8101
4774
2403
2185
4808
6376
5487
9281
9457
8852
8436
2263
4053
2860
9273
6468
6731
2051
9254
6696
2072
4422
6923
5436
9667
1180
5678
9208
5822
5850
2804
1472
3615
4710
256
7272
391
5198
9086
2147
8169
3559
5931
5007
6333
6220
8712
144
8510
8173
9568
4617
3708
9348
1774
2771
2303
2235
4573
9384
4700
2715
9943
5590
4524
6569
2469
5545
903
532
6867
9746
8665
4682
3702
6553
1800
8994
6539
1860
1184
7792
2548
1351
9037
6641
7752
2838
8973
5408
5350
9456
3643
1311
3865
8680
9781
7028
4781
1412
8501
4875
8300
2694
3376
5304
6242
3312
3207
5024
9793
6680
7517
578
1656
5493
766
957
7744
1181
8153
3486
7642
5446
7252
4123
4799
1339
7468
2466
1244
8122
6427
1968
6709
7898
3425
7803
6105
1278
507
7013
7783
4796
1011
1012
1142
8278
1888
6259
7765
5723
5317
9660
473
836
8743
3860
4911
7756
750
1265
9608
4986
2211
6543
563
8545
1390
9643
3284
8282
2765
5472
8958
9428
3026
5234
505
4863
9072
4130
2429
8014
1483
9219
5766
3080
8737
6076
6355
5072
6754
7247
3921
3031
2277
4990
4889
6080
8267
3974
8287
9633
6327
2801
112
1133
8905
1523
5094
6046
1372
2711
3023
9237
8548
6453
4752
6840
2655
1363
8498
7381
2159
5385
8949
1744
1696
3137
5132
9344
8478
9269
9233
6011
281
9795
7082
2963
6566
1739
7955
5030
3676
7967
5410
1724
798
5337
6885
4156
440
8905
369
7631
1477
762
8718
643
8531
125
1963
7563
2741
3333
1297
1214
3325
5584
6291
4718
5076
3605
7141
4633
4825
4321
1349
3520
4485
7288
7851
6958
9469
9321
320
1005
2772
4443
5910
4823
8971
4635
2925
1408
7245
7825
3450
6932
5673
5294
2499
3542
5017
9148
4018
7367
6086
4479
1323
3220
8143
9059
2762
3535
9851
4899
6206
2986
268
7843
4568
2318
9775
7911
1236
3993
5924
9731
190
8722
7018
6687
7597
3320
7906
4398
8898
4359
2518
9249
2928
9543
9994
2760
9030
2939
6262
8495
9129
6246
4953
160
6149
2643
3103
4667
7863
7681
2201
3402
5970
3995
8166
5456
7592
2193
4506
8486
83
6359
5415
6465
4266
8923
6524
5845
4396
6502
7613
6947
3313
7307
304
5308
1160
857
5540
2027
4861
932
4623
9476
9039
8522
2370
515
4597
9418
4676
8638
1518
3668
6180
7994
1844
8141
3507
7030
2571
5255
3926
5003
6374
4275
7998
9039
2697
1094
8253
5280
9574
797
5028
650
7085
5828
7488
4059
9395
3212
6720
8675
4469
4428
1361
7254
6869
9975
6626
4260
6977
9432
3465
7347
4876
5480
3772
8511
3030
3319
2079
7265
3923
1422
8352
6879
5274
9927
8283
5599
2929
4091
7981
4175
7740
6935
6312
5056
4542
5023
7240
7182
2532
6420
7134
3720
5073
9899
6600
2525
4627
4520
7842
6112
7814
8337
2819
5915
7340
8001
6023
7782
2506
6645
2120
3650
9080
6685
8132
5284
5002
5634
9338
1512
3141
7839
1636
6382
4587
3863
3200
1006
7034
4516
2430
7096
9337
7878
2160
7050
5771
326
6265
1130
6980
6268
1606
7404
9700
8600
1015
7569
5909
7729
7358
104
4035
2895
9070
817
8497
2964
2936
3837
2476
3924
1672
4397
3905
5998
9964
6403
6910
1453
6360
878
7291
1508
1857
7655
200
4730
2370
1555
7443
722
1251
1186
8590
208
2459
2554
5356
5676
196
1875
4594
9579
4325
8972
1443
9548
1570
2864
8172
6507
995
4909
7005
876
6269
810
8155
4437
4998
3928
1746
1617
6610
5213
2583
5014
4205
3633
3226
4201
7065
8148
8402
9061
9280
4785
6744
1868
1627
5742
5713
6832
8617
8984
6808
8403
8929
1566
3387
6847
2605
5445
1893
202
6534
6217
8182
6943
754
9707
7827
4198
1873
6725
2810
4858
4913
9704
8881
6195
8320
3138
7860
3091
5426
1749
8659
2886
9907
6727
3478
5718
4610
5526
1735
5953
5932
7231
3651
9098
8481
8196
7177
5349
5938
8825
2560
1761
8986
9162
7528
2144
3771
901
3835
6240
9391
6451
1568
5180
6891
5868
5570
9189
5875
7595
5227
5562
9971
5653
5960
7266
3622
7074
5743
1024
3510
2018
7501
5636
67
1190
3034
118
2085
32
9240
5417
4231
8003
9253
2416
5833
2778
4843
4348
5360
1118
3478
3613
28
8316
133
4027
127
3042
8570
2163
82
7099
2178
2458
149
1546
2483
1334
2170
7110
8869
8736
7503
6875
5107
3055
6746
4965
3906
4211
4292
6479
1303
7154
1538
8068
6895
9832
4599
8812
2769
786
8933
642
1202
4731
293
4322
5468
1722
2468
7856
9142
2113
6742
946
9170
2882
9783
3007
6187
4651
8627
5191
1167
271
5726
6949
3071
2787
3432
7007
3248
7913
6122
3638
6533
3520
9876
2043
8366
45
4242
1731
3408
4373
2515
9157
3174
3078
3912
408
468
3099
2764
5277
1410
3669
8519
5547
7972
4442
4646
9021
7280
7701
1842
9050
9007
4430
1081
3517
1253
4664
5301
850
1466
3428
1947
403
7679
6233
3367
9028
2464
4671
8348
8080
7922
8574
4803
7254
7890
1066
2540
2699
9530
1256
5936
2225
4158
8047
5739
3050
144
3021
5624
187
9395
5722
2983
9003
7273
808
7161
3629
7870
1463
4971
8848
390
2173
1161
8580
7193
1994
4643
7438
6211
5865
3353
6125
9245
7561
1926
4531
4734
3800
3264
1641
309
4607
2815
375
6130
8882
203
6859
6876
6925
2071
1741
3121
7754
1532
4273
316
3850
4044
3294
1360
9603
3829
4245
9444
2985
6474
8846
7411
2139
7635
5112
8990
3089
5471
81
334
6490
485
5735
1116
8717
791
8102
9880
9182
1679
1182
1311
5425
4188
7738
1950
3793
2342
633
3272
2467
646
439
6264
474
1944
8447
4412
5341
6487
6805
835
6640
2505
840
2756
3098
9889
5610
4198
9659
4434
7508
3091
6102
6057
9886
2084
2141
7897
611
7989
194
7118
3721
2502
9638
4341
9104
2746
6732
9420
5485
6437
7462
6694
1205
8181
1773
6129
7491
3234
8813
3400
4493
7226
7819
3527
5543
5730
9892
9207
4864
1240
2155
5693
8868
1683
4673
4258
4906
9764
4462
7187
7070
9312
1392
9283
4641
3697
1958
1248
5519
802
430
4291
3930
4165
1304
2502
5206
6516
4421
9594
7670
7766
7322
9365
105
3260
4758
8119
9815
7541
5930
556
4207
6931
8506
601
9848
3184
9648
4556
1385
3981
1213
2507
9663
2424
812
5987
3158
4078
7941
3342
963
2665
6332
3557
6678
6738
2870
8219
5566
9724
1643
2583
4786
8025
1261
3265
7341
340
5241
19
2136
1454
5106
5202
3513
8056
7940
445
2620
3939
8823
6986
3660
6771
7277
2750
4622
5457
769
9078
8371
3903
8640
8928
8439
1087
6899
7080
9389
3742
6842
5625
9159
8380
6026
274
8369
3916
572
3276
4477
8454
301
5272
9768
2408
9615
6905
9335
1394
1217
6620
3318
1370
8588
5056
6748
4333
3657
6831
407
3942
5897
3351
8037
6067
7725
5390
945
5153
2179
4464
2259
9703
5119
8591
87
8759
3369
7131
9837
346
8419
4978
7512
6631
5560
5313
2275
9759
1791
2604
392
133
6346
9488
6437
5394
9069
1037
8523
4750
6283
4005
7866
7610
7045
5740
2910
3052
8522
7432
8912
9038
5140
5525
2567
1936
8941
2865
1999
1255
1651
1510
6816
2962
8188
582
4571
9787
1721
4532
5299
8869
6214
1301
9189
7278
1913
4882
9868
941
1929
9808
3514
151
7768
2903
3575
4288
9137
5167
4450
1425
5736
9790
2270
2104
1168
3618
2231
3693
8443
2029
3404
9959
6213
5160
8165
636
4057
4307
7235
8873
3443
8329
5860
9842
1885
4991
9289
8006
1753
9901
8205
5645
348
9104
9601
782
4606
1845
8776
558
349
629
5587
1078
4273
2984
9429
3438
744
2814
3820
7690
7775
4315
1901
111
2846
698
1139
4403
5012
1816
956
5689
7848
1484
2253
1068
7355
5332
2582
2024
6764
4256
9225
7160
8331
1315
3900
8623
2887
4937
2177
1667
1436
9570
482
4662
767
3354
3041
4345
3214
6210
9301
6838
3873
1487
2944
527
9982
575
2649
1354
4004
8397
5669
1365
2264
3022
7459
9489
7282
5374
623
7183
8431
8542
4922
8
6493
2034
1897
471
4903
7933
9552
2330
5382
7221
526
1100
4969
5601
5237
9827
1929
7520
5609
8010
6462
702
7951
2671
4518
3495
5387
8806
1172
5767
8872
5752
7876
8273
8613
6318
4841
3710
3761
2551
213
1794
6937
8429
9243
2131
1300
5727
9289
831
8927
5162
4385
3492
6079
2696
8288
5513
6243
8440
7279
7394
7292
653
6761
7166
4173
9063
755
2904
7559
9278
9415
6171
5051
1705
21
28
4263
5359
8048
8548
3573
6985
8213
1924
8751
5360
7914
4755
303
657
3919
5086
1767
1836
917
842
2449
715
7439
2015
8255
3780
1946
53
6936
217
7175
7331
1344
8828
9553
890
4563
495
540
8327
7248
2261
4071
7714
6320
6344
7263
1503
8647
4408
9178
2124
3617
8391
4475
5142
9652
2411
6393
8960
8364
165
6683
2196
860
5061
3840
7853
9277
2749
811
5249
7802
9492
315
9368
2406
9354
2314
9096
8363
399
7878
9736
9095
9232
4955
4299
9115
5701
5306
8559
6906
1330
2427
1658
6617
7857
4139
9582
1960
2292
7523
8066
2585
2606
2239
4467
7916
2077
5266
9813
693
7457
5962
1284
8414
5888
731
7548
7032
9376
4189
4894
2683
3129
2123
1493
4342
1106
5346
895
5049
1635
1660
9809
54
581
5978
853
4162
4250
8236
4225
8342
6629
7684
8964
9879
2110
4508
1726
7275
4514
1476
6544
7826
3665
4009
8053
5683
1880
779
4064
8967
7777
1368
7694
3403
2513
4534
6747
170
4337
2509
9261
1970
8902
3637
9708
5453
2296
779
2653
2996
2736
4824
747
6974
5391
8360
7673
1710
6138
7126
5326
9036
6362
9097
4728
2108
517
8387
1424
6854
8733
4278
3646
9723
5021
8843
1837
4425
9194
1043
9765
222
528
8140
6526
4990
2178
1389
7806
1067
2269
8985
5392
5455
2478
5451
7921
3217
1575
9145
7499
1990
5291
183
131
4805
1792
5476
6828
1524
5657
1142
6186
3737
5316
7454
1545
9171
8467
7052
4219
6475
9449
3632
37
3812
7764
862
4372
2969
9460
3393
9347
3980
2639
7215
6300
2465
1969
3941
4423
9031
5711
8965
8705
6455
385
8183
1756
4181
3858
9446
2302
7584
3679
8392
5111
1297
9352
8651
6277
9993
5831
8557
3722
9839
7690
7177
880
6941
1428
1105
3740
8798
718
7447
6997
1305
4491
305
2803
9462
2536
4527
7535
7971
5849
9992
7415
6796
5467
7683
9020
9846
4829
1962
8018
8136
7573
5509
301
8991
5629
4419
9436
9052
9662
102
757
1208
158
6273
4964
4280
2995
8918
7403
9005
9740
7778
2497
5595
6638
7912
7365
6339
4185
1270
524
6
7113
2702
7567
7463
8332
7228
918
1530
9068
6145
5450
7457
2967
3171
7310
5671
3385
8388
7434
3904
8943
3491
4685
8217
8512
6151
6823
8864
9452
9339
4136
3600
5381
4902
6420
7191
2947
3698
6218
3871
7511
1129
2974
2807
911
7930
1217
7060
3151
1805
4095
5710
4921
7387
7037
7240
851
5400
66
7127
5227
3370
5887
8152
6753
5376
4402
2202
5029
6441
2363
4955
1379
9120
3558
934
9462
1807
1526
5219
3321
8708
5403
3051
8657
1416
7260
121
255
1316
1813
6256
6901
4163
96
1916
3956
8615
2477
5242
5964
3784
626
6836
3714
5623
8294
1031
8093
654
843
1527
3069
4847
9379
3267
1032
9566
9720
9804
6512
6201
7837
7895
6373
116
7383
4252
6690
2438
8070
2206
1257
8631
4293
3711
4103
5369
457
6010
7678
6830
1385
8488
3427
3818
310
4038
2498
5706
6123
1088
1893
2454
5100
3061
8840
1909
6181
4476
7015
6762
7420
8826
5933
8685
7114
2046
1132
7998
7135
1057
4984
9556
1229
3296
3609
352
7546
1055
7131
2255
3520
4887
3493
9554
5302
6230
5044
2853
9231
188
9634
6695
5058
552
2794
3392
2410
2301
5486
4981
8483
3159
5982
380
5551
5362
1394
568
8171
1062
9778
2285
3832
2705
9867
3217
847
8283
5954
9627
1574
2109
8543
2276
4364
6435
7027
5217
4561
5506
9098
4180
9666
5004
2674
2952
6411
4116
3254
1111
2243
1439
3560
2610
6336
8416
7519
7732
660
387
5580
862
6660
398
2937
9585
266
709
7730
6226
1381
6294
5034
1203
8819
4959
3242
8378
2030
6276
386
7850
2249
9797
9443
9904
4229
8258
7431
9628
2535
6784
442
2841
5697
8064
1313
357
9378
576
9416
7746
2045
3231
3565
799
8795
9285
5343
7788
313
8690
7477
8225
3567
5224
9433
3982
6615
1812
2957
9743
2246
9247
6033
4719
4855
8983
3954
7634
6806
3662
289
7201
7095
9019
8186
6632
8975
3212
9931
2944
7700
1536
7938
5771
1437
3371
2595
4940
8485
5628
4921
1612
3859
5364
2935
4068
7703
2892
5246
9651
3242
5582
1622
8804
2379
6725
4914
1659
6113
1748
1882
5979
5049
3307
4502
9701
4595
8501
2902
1682
596
2528
1879
916
1986
8829
9857
2759
4590
813
2290
1333
3751
4346
1112
3194
4679
3010
6559
8520
8810
7484
4439
2521
1498
396
4042
8030
4852
8518
7578
1327
8206
3239
6635
1824
7506
6209
6482
3634
7039
9961
6619
4032
8461
6982
8128
8013
5195
9647
7292
814
185
4224
4384
4355
8999
6519
7407
8223
688
818
3968
5581
2880
3594
9985
7648
6783
85
7081
2008
5461
137
9259
5520
4834
7543
1155
9569
3767
665
7932
4098
7488
584
3791
5674
2710
6130
65
9364
7094
9621
3237
2283
6504
3333
3415
4462
7886
6670
4076
3730
9785
2707
5354
1388
1957
9680
2035
9757
5774
6118
4639
7062
3093
9298
1550
3920
327
6419
2348
138
9322
6535
179
1723
2947
2249
7039
6135
3586
2188
7372
4765
2454
9223
2341
6371
1738
543
5730
4153
4213
1280
2021
1128
5805
1943
8400
2418
4456
8866
8562
8938
6702
8259
1272
1583
4891
4720
4812
5971
3068
9641
4453
5581
2369
4319
9713
7153
5265
1602
3181
7626
3580
167
7632
5355
1416
1752
2526
9303
172
9311
9078
628
5685
3314
9214
5589
7483
9495
2307
5754
5149
5738
1846
4045
3342
4298
1462
5148
3951
7122
2441
6676
6703
7529
8412
2555
6072
2491
7717
4579
4857
7448
6586
933
4560
5613
4535
4680
8628
2837
5858
7223
4104
1465
8346
6417
7482
1758
2859
4961
6660
3178
7934
896
9115
3206
7927
5704
8944
4017
5762
8311
8837
4538
7425
9437
637
8199
8292
5523
4515
5895
8301
353
846
8573
7418
6912
8090
8582
5366
537
3076
5871
8246
8587
2826
4629
969
2049
5193
2060
9358
8139
8437
6222
6998
1500
4492
6818
5494
7904
6160
3754
555
2763
8042
9394
3781
9733
3755
4151
9504
883
6105
3299
4613
4295
2392
5409
7146
5156
2230
1377
5916
8800
7390
8240
3384
7609
3747
3854
1421
8739
9980
9407
8948
3821
3453
4285
549
1317
2037
7605
1045
8746
771
2659
6354
9631
9366
3430
350
2808
4257
2628
1613
4236
6239
868
5526
3447
5289
9377
6017
5785
7366
9537
1248
7466
5298
8224
9431
8081
7333
2575
9811
624
7213
9817
3841
7332
229
5622
2700
9025
1735
5835
3878
6514
7068
4693
7052
8605
4904
3758
5968
6473
5491
7311
5898
4114
562
3249
3677
9741
2339
1941
1501
9923
159
6649
2923
2161
9948
6191
6290
591
6953
9551
8774
6674
6961
3274
1126
4653
2916
1470
6170
5516
4557
2779
578
7542
9704
6775
8116
5926
9077
9952
1847
3455
4877
3635
4721
7527
4784
5329
996
321
224
3079
248
935
7224
9810
5978
55
6529
3703
4701
5676
3805
1597
122
6033
3706
4987
2609
2405
4927
3426
9013
8641
9605
2900
739
8107
9572
463
2018
5266
4275
7084
5696
4028
7621
4217
3883
7571
2843
7342
6310
2959
2378
8291
3245
3295
2978
7601
1508
7552
1955
3458
9314
9509
7865
1458
6284
9382
8602
2232
9414
7943
2278
3113
4736
9483
2431
5571
9841
4202
3331
5848
2735
8995
7545
5041
7378
1429
2226
8889
2335
5135
3790
658
6719
7495
4861
5565
2676
1294
9623
2663
6880
9512
8726
3161
9513
5448
247
5053
7773
9789
7180
1782
6743
9135
2338
1838
3641
879
8697
3815
4358
8085
41
4133
6951
1221
6883
2088
4234
920
5534
6409
8254
9970
7550
4411
2005
5510
2565
2678
8268
4111
2243
5159
3769
6513
9479
7229
4867
2990
2281
2223
5470
9074
6228
6969
2641
6497
4790
5792
172
1751
6286
9244
7392
8796
8885
5603
5304
7872
684
7470
1911
5761
4547
6431
7903
5999
992
5199
9698
7537
150
6943
8383
9081
7314
9106
7909
4489
5124
2841
7588
5956
2704
3555
143
1920
7780
6235
8575
8092
2901
4853
5167
9487
8458
7812
4083
5880
7263
7832
2349
2083
9779
1125
395
8305
4096
6064
7481
4996
6542
5406
3360
9588
799
6630
6603
3688
764
1562
2093
5116
8043
625
8533
8114
7497
193
8120
6688
506
8917
250
282
902
7137
4530
4834
6425
7021
7473
3525
5873
431
1931
3631
5429
7882
5847
1615
3929
1814
9956
8231
307
4624
3810
7996
1235
5901
5556
2396
9141
8177
4778
717
6996
4409
5949
1525
5677
1198
7753
9434
8209
462
8386
7004
4634
1265
5841
1552
35
6281
2894
6495
2328
5905
8349
7763
4809
9924
9325
9342
7665
1403
243
699
4270
5639
681
3001
1849
6864
3839
4196
2474
7192
5547
7426
376
4884
6343
4872
8082
1331
6286
1041
9536
6440
2182
1634
3324
5630
8585
2899
6297
7468
2834
7864
1032
8194
3372
3471
630
7313
3583
7179
8130
1874
1856
3685
9965
5108
1991
4810
984
6056
3451
738
6022
6547
2003
2361
8078
8319
1667
3849
6903
3117
3833
6521
8667
5133
1640
2751
9900
3421
2089
3145
9518
1117
949
7542
4038
2101
1324
8654
8636
3115
5644
1489
7439
1164
4390
8274
7103
7083
8831
9875
7914
5439
3776
8088
9918
4226
7395
4319
7283
8886
4259
5334
4282
8552
3126
4763
2422
7720
3434
5208
8298
6907
6309
3379
6377
3966
220
5025
1964
1441
8992
5494
1047
7560
5053
2812
9802
2350
595
6870
7942
2668
5869
9040
6548
2395
1089
4244
7427
8373
9115
3816
452
6664
1289
4152
4128
3127
5206
3035
6837
5096
98
5527
8703
1858
16
76
4261
88
9672
9559
4056
335
5031
7345
9981
1820
1197
3685
1576
3736
5229
9206
3856
8785
6142
6002
7868
6323
6640
523
6249
1044
8238
6528
8859
2673
8274
6053
4744
7644
7453
6003
4715
2623
8270
5763
9527
1505
4424
627
8754
1288
8176
9130
9193
4323
2635
269
3972
986
6713
2099
926
8609
4016
8567
201
1666
3094
2032
4837
2364
3226
3714
3893
2599
8836
7721
4523
7337
4698
5321
2776
2111
383
4729
8266
9838
6813
2523
4569
8257
5156
446
3166
366
3347
3760
4802
8730
377
1839
6232
119
2307
9592
6084
1449
339
3489
9521
503
4756
7433
4316
7416
8105
4182
7424
6607
8415
4783
26
2
6815
458
7849
4247
4166
5770
607
6946
4140
937
8882
101
6177
5807
9974
6005
2785
6470
8376
7599
9419
4019
5300
7555
3690
9326
3891
2053
3365
5943
6492
4069
9895
2888
153
6467
5634
2873
9762
7562
5908
3852
3329
9620
1310
5452
4079
3049
4357
5914
5040
6672
6820
9027
7428
4459
2606
1382
4374
2588
5662
9507
8241
3705
3085
4974
8214
1224
5048
1157
1811
1618
2023
5542
3870
7257
5105
3323
8756
1093
5879
2014
3538
4371
5800
1010
6368
4001
6812
9658
5128
9719
6383
6282
541
4558
6826
3185
8228
9042
5596
2494
9884
5533
882
8648
5745
5506
1979
6635
5283
5176
6730
6028
1718
1119
5502
7402
9625
6638
8629
3308
7840
9818
4415
1095
9560
4340
61
7005
1871
2118
9340
733
6924
2961
2496
2082
6520
4649
741
4209
3796
3165
3736
4966
8307
113
292
3965
9349
9062
5655
198
1193
3940
9829
7477
8729
7671
3019
8124
4777
1384
987
7259
8046
6408
9120
9812
6662
6713
9618
8651
3464
1701
8922
9263
2911
1092
9860
7173
6738
9299
2654
6762
2350
4605
2158
8187
9445
6763
845
1763
964
7747
9623
1714
9033
8147
2343
5557
2516
620
685
6100
9859
2065
2686
5410
2896
2701
1446
9702
1399
2058
1624
4036
7330
3154
731
7794
6525
3955
919
6029
1150
5816
2581
3109
3377
448
1050
9881
7737
5974
2330
1549
3473
5258
5700
1646
3961
4431
7315
6321
4367
4717
4692
4510
1618
1479
9404
3025
6147
3059
6134
4580
9922
2401
6446
4694
8719
2949
4620
7269
