4101
4726
699
1837
2492
4408
4141
476
888
3019
2942
1581
58
927
3017
2215
3946
4994
2285
2816
2448
1936
4453
269
2454
1171
3300
1753
3820
1430
228
3741
4175
1812
490
4080
2403
3583
1259
1319
1112
2895
1973
3149
2970
419
2682
3614
1228
4783
4134
2291
4129
2176
4233
2727
2090
2190
217
4414
899
3808
4779
389
1796
785
4179
3304
4624
3424
331
457
3281
1665
2765
4211
3018
1525
2038
672
3012
4665
2637
275
3575
3276
1001
358
4204
4110
1008
3002
4827
2944
4768
1420
1771
2325
384
349
2808
4176
4244
357
3752
80
3846
596
2459
3530
4292
2047
2362
4703
4354
4182
1772
2182
2959
4602
277
2415
4607
4348
1717
2271
2513
2996
4082
1048
2573
1970
437
2318
2941
1323
3161
2269
1203
4295
3427
4423
2746
3165
1365
280
1588
545
247
2959
2092
917
3460
321
3660
638
2820
3208
2636
1198
1155
1324
3379
982
2478
299
3009
537
4439
3355
4329
2894
4386
1315
2390
1092
1193
1617
1590
346
1083
4106
2917
1257
3512
4286
1646
3615
3058
1633
1594
1814
577
4729
250
2464
4066
2491
4585
4919
2095
4761
4804
1595
1578
1339
1726
709
4816
3455
1663
1993
2400
1010
4999
543
2330
3573
4840
1891
3796
4198
3551
893
4794
1968
4990
284
3464
2417
1265
171
2133
3486
3232
3137
1825
832
1145
538
4561
4333
1678
2775
325
3255
3681
2241
751
4489
1881
3181
24
2692
285
1354
1924
3984
2449
4316
3362
4463
2772
3780
642
2520
2813
3387
4061
4131
1053
1671
862
4169
1885
2255
4556
1656
1424
488
3792
5000
1791
3061
1292
4337
2902
754
2370
480
3996
3854
2264
2296
3010
726
1037
2021
4145
693
1926
3636
2
3268
883
876
4573
789
454
1756
2110
646
3476
4376
1756
4695
2398
2056
3625
4908
901
3805
3794
2986
915
2045
4390
2167
1202
446
3185
2187
619
4259
1016
2752
3358
3265
3430
3296
1435
3756
4385
725
4934
3926
1431
3525
1283
4785
2501
4193
2698
2278
372
4324
506
2137
3766
84
685
3646
2548
3859
3497
387
1776
844
3685
2032
311
1636
3841
4388
4145
2841
2740
4133
2823
4456
3958
643
1827
1945
4045
79
2848
2828
2032
892
607
88
3422
2621
285
2396
3934
4205
2600
2747
1527
4577
274
562
405
802
2171
2483
329
3533
871
3097
1321
2338
3721
3816
624
1863
4357
2334
4863
3033
1921
1878
3629
1618
2189
1276
573
2466
3293
2023
487
3441
729
4682
1378
2318
1783
4223
2446
4380
2343
3428
997
1941
215
1576
3645
4355
3657
221
4629
4096
2093
1931
3034
3205
601
1390
4115
3810
691
2286
1893
3093
3888
1471
2913
1884
530
4546
2040
91
2948
3967
495
2145
3921
2918
1303
568
2357
4367
3186
2771
1775
856
438
2107
3106
3094
1274
2665
4987
2623
3297
4261
110
2022
4256
1618
3575
4327
1284
2454
3374
909
2697
2458
1240
3587
1911
2502
709
2459
3200
2071
397
62
1465
4574
1508
447
1047
1421
613
1738
507
1322
3179
4848
3663
1871
971
2328
2683
2499
398
2222
4480
3691
3733
1411
3866
3681
1133
2496
3746
3357
4041
969
3393
3349
741
1919
2485
2855
2361
3965
2888
1149
2069
3942
449
2726
2718
1487
2811
3860
1018
1632
4299
1735
1088
2568
4634
2778
1847
1103
3164
149
505
4462
1801
1243
3955
1781
3632
3676
695
1248
3402
722
1593
4986
1686
2083
1784
279
3877
1260
3581
885
4469
3619
4886
4805
4432
3022
4315
45
1623
3566
798
3584
2739
3646
308
3778
2529
4903
1294
1983
2978
4222
2892
2791
3319
3651
66
902
4187
4798
4597
3873
4905
1100
4802
4725
1581
3166
4539
2424
2913
692
972
1696
4292
1136
3791
2734
593
2896
775
3239
1946
2193
13
4823
1121
4125
889
4077
1990
1723
2214
2582
3047
3772
1662
4654
37
1208
4705
2677
2897
4788
4852
4474
1729
6
1778
467
625
629
2476
4030
1997
1029
455
4302
1708
936
2211
2790
4958
4097
2108
1342
2224
710
3129
1372
2887
2604
99
4935
4885
4499
4400
129
4260
3102
1541
2983
4545
3554
1584
3407
2288
1854
2402
1446
3274
736
3506
616
2027
3920
2551
177
2817
1735
3217
1146
460
3561
3788
4555
4546
4580
3224
4651
1272
1692
121
3485
3182
4553
2569
874
4747
2453
2912
4218
2197
1165
3309
3719
3267
3193
451
3143
4740
4658
3348
666
227
3014
4700
849
4741
4841
1470
1627
3840
2956
3730
3517
1134
1375
600
1520
2770
4898
408
1359
1350
1472
1136
552
2380
2695
1034
4875
4685
3999
3226
1062
2993
2973
4430
3284
4424
894
3609
1352
634
220
2934
4858
1950
4909
2179
4807
734
1039
1680
356
621
3891
4669
1850
1626
315
3052
4866
2494
2555
3609
4530
664
3247
4589
3601
336
1245
2781
1044
3974
4619
3136
1221
2469
1912
4586
603
1656
2411
1959
4003
3501
4950
4185
4052
4088
1452
469
3951
3132
1640
2144
4270
1818
958
548
4342
3078
570
1516
343
3499
3586
4161
4121
12
191
4019
4796
680
2084
2594
1617
2963
131
4234
2256
1168
3758
4673
2990
2622
61
3934
1550
120
3713
3997
4909
399
3381
2510
2307
3462
4448
208
1439
3930
1645
4216
4894
1956
1368
462
345
2049
2628
1749
2005
3332
688
63
2606
334
4076
167
2279
3299
4069
3649
799
3361
1414
758
1600
2440
4237
2127
3629
582
885
1364
396
3378
2759
4406
1800
1731
35
1939
4937
164
636
3410
1443
1141
3976
3174
4207
2600
59
183
3936
421
4633
3209
2873
940
4485
1905
1004
594
1118
3295
4348
4194
2681
493
1227
494
3141
2599
2156
916
4534
2375
2018
252
1183
2630
4062
4880
2642
868
3703
4766
806
3739
4752
175
3815
234
3865
2209
3382
2223
4202
1983
463
3371
3777
1149
1751
3040
4811
1368
210
2263
1762
197
3023
3901
1577
4146
1940
1556
4177
3415
2181
3793
3214
1960
938
580
3907
2206
3498
1175
485
1752
1235
4458
1344
2356
4640
4631
1775
3274
1672
4134
4505
4287
3615
1543
458
1238
4178
14
4462
1887
4412
4248
4468
1539
4557
3320
4719
908
3416
2013
4158
4314
2963
2632
4536
3212
4571
1017
1673
105
194
4930
4529
1604
3618
796
1041
214
3943
1355
2165
3850
2139
4250
1501
3827
3757
3826
1379
150
3900
4421
1482
4143
3071
1022
1879
1069
3069
747
1052
3310
78
4394
3657
4502
2988
2204
1714
2794
1836
980
4296
3912
836
1574
3316
2327
1389
3905
2670
2884
2123
3340
4824
4044
1624
2414
3220
304
2060
475
3171
4351
3226
3170
1932
3696
3083
95
574
1373
1530
2136
4832
2711
2335
2329
4467
3318
1834
2193
4438
3814
2524
1045
627
367
1892
195
4415
4937
3044
3751
764
679
173
4395
4132
4243
3180
767
170
823
3966
3066
2096
3287
2360
2518
938
2679
4717
3570
1458
1345
3260
885
1500
327
2937
2803
439
151
1952
2145
3425
3548
249
1720
4039
2085
4016
653
724
3386
2671
3634
11
820
4124
2591
4921
2955
473
169
2862
445
153
2832
442
1976
3926
112
4213
786
3607
1152
4358
3895
2845
484
4541
4860
1348
2800
103
3693
2789
2649
3698
4967
19
2634
1416
1748
1532
3993
1366
336
55
2521
501
695
921
4035
4298
4089
196
572
804
3813
4027
589
3516
637
394
429
1850
2430
1842
4637
3073
4706
2975
3577
3751
4149
778
2962
4214
3489
4370
4113
4478
2000
3062
434
1081
3978
2406
1125
2874
2508
1268
2929
497
1810
4627
1670
3941
4206
2443
3963
4698
4895
2490
756
1392
1394
4417
1555
1957
1524
4591
1266
687
2849
4831
4736
4007
2602
381
839
3726
1494
4869
4107
1078
4122
348
4670
549
1377
1220
1732
159
1215
2185
4057
764
1174
4519
1630
2235
1188
2474
1797
550
3693
3099
4359
576
2243
2017
2217
3775
135
4853
4237
2798
3779
3515
1003
54
2438
3333
2891
4330
4409
3000
2184
4591
4002
1277
1790
3915
4624
299
1666
2947
3200
4503
4196
4613
67
536
2799
3303
1798
2808
2183
3700
4821
3173
2290
2029
703
2050
4721
3601
3095
578
2227
423
4277
4192
4300
470
4209
3828
4821
244
3583
4710
3890
738
1251
882
4365
2260
3894
744
3250
835
1433
4690
3210
4313
4925
898
3273
288
2741
2016
3514
2881
3882
4488
1699
2104
929
2065
4288
3149
1974
1773
3992
3453
2538
846
305
4696
3968
211
499
2593
2332
139
2072
2783
3376
1002
4571
1422
4680
1486
1184
4803
953
990
2719
296
68
4643
3289
2506
3389
932
1130
970
4154
1493
1051
3520
3031
133
1991
2122
3867
4162
612
4882
1855
1332
3687
1682
584
852
3326
4701
2942
1301
4535
2539
1542
4418
4397
2252
3076
3042
192
2645
1239
617
2527
3181
416
551
427
471
1688
3970
2751
1132
1258
1876
72
2674
1822
2227
2316
1063
941
1943
3089
1893
3823
2424
1823
4668
2684
383
522
3622
4843
922
2921
2647
3420
4345
3887
3662
1109
3562
2618
1897
3436
3330
4227
3259
783
745
1261
558
1158
3359
2220
797
4588
2540
4343
4824
2421
87
2036
4090
1196
3834
109
2545
2645
444
4346
509
2633
3707
4808
2944
4383
1780
2325
2774
3202
3015
854
1316
3244
3876
1856
2605
1071
436
1572
4109
4749
2838
639
2691
1958
3487
4800
1523
722
3595
2925
3714
1545
2643
4307
1150
1320
3417
1845
1403
2763
324
3364
3669
2932
3169
3084
1175
3001
2086
4004
4064
3837
4754
1161
556
4171
1654
2369
1402
3091
4022
4009
2158
4724
2648
1114
4086
4234
1598
2330
4981
4310
4834
2900
33
2130
1256
3724
4058
2981
3493
257
4232
4219
2693
630
1089
2191
973
1728
3910
4886
2833
3864
3795
2857
1007
946
4675
3781
4664
1587
4735
879
161
2928
1710
4483
968
4896
1557
2611
2863
3211
2533
718
762
1131
2989
2365
2592
341
2658
4639
4328
1240
3326
1307
657
2322
425
1841
3798
1278
402
2573
837
2256
158
1649
578
4508
779
1479
516
3405
2259
3198
4973
4543
4098
3354
788
2570
76
4531
2498
4402
4114
4501
1410
306
4603
312
2151
4981
3964
1079
4782
527
147
4968
1989
4030
1105
1653
4267
2422
4948
118
3189
1255
2163
782
646
4558
3899
3077
1058
3961
246
3690
4854
3024
2188
1275
28
2787
2382
4428
4319
1702
2875
3138
714
2420
1814
2309
412
804
1873
2893
2926
3269
3537
944
1813
541
4927
1181
2528
453
301
2933
104
4085
4137
3409
2953
2384
4157
1290
4575
4275
4778
320
2314
3308
2659
1872
4959
1459
1600
1560
1097
628
4352
1087
4366
523
4457
4646
4988
1937
647
511
2760
1793
2441
1015
1076
1647
2282
172
1794
782
225
1806
1843
4441
2558
393
3728
4679
2002
3109
1612
2247
4373
1963
4306
2858
1920
3329
803
1466
4984
1947
2350
3204
4746
2425
2762
977
557
2264
2243
3159
3760
2860
1094
2904
213
2262
2314
3924
2172
717
2711
4172
963
3401
4913
1690
4247
890
373
1792
3373
3937
3711
558
3237
3286
2473
3674
678
2242
3654
2834
2289
2897
4762
2653
2704
9
1846
4863
1478
720
3872
1906
1903
1701
3216
2205
2416
3479
3671
4443
4653
858
3437
4836
1286
4734
4850
2750
123
1177
2785
3046
1005
4763
926
3248
4379
760
1449
1861
4211
2927
984
4689
723
3883
440
4991
3020
2101
1122
954
4646
3389
774
64
3692
3552
1363
824
2919
606
2435
3737
49
660
2148
496
3458
3011
1379
1085
3768
981
2854
4881
3253
866
4298
1248
2352
2987
3560
2012
4971
1660
3818
941
364
2441
1460
4092
289
181
4858
86
1296
4006
2910
4716
3804
3839
4308
229
4446
2034
1621
2969
1549
3699
1295
4285
3982
3874
813
1
2118
2141
3502
4873
3772
2541
2571
4422
3722
2624
1991
739
604
527
1236
2786
3803
2339
2192
2001
3703
4239
869
1630
1961
2298
2037
2996
335
4771
3124
278
3057
1297
3292
2035
2273
2713
2074
2199
1758
3460
2303
1428
2357
3557
4892
4226
4518
4103
2246
650
3981
4072
1896
4153
4837
4583
4000
1313
2463
4316
3233
4102
2824
1023
3037
3549
2044
3845
2708
1313
810
707
3677
4319
3913
3607
3054
1567
4123
1874
2952
1446
3597
857
773
3785
3160
2721
904
55
254
4331
4317
2502
1351
1140
4961
3678
817
1310
1997
2193
264
1786
3881
4974
2815
85
655
482
1929
4618
4371
671
3842
1075
1180
3538
3263
1746
4387
3123
1226
4745
1182
2616
4104
2075
3705
4610
2142
3060
2063
3351
1613
583
2869
3544
2797
1980
3596
180
3458
684
1006
2305
789
1902
1285
347
267
4611
4493
2283
4167
88
4899
2201
875
1054
29
3734
3957
2826
1198
2374
1862
4435
4870
94
2111
4942
2418
3178
1306
872
4627
116
1629
757
2070
3524
2947
4291
934
1886
745
4332
4677
408
2342
1643
4941
1382
4334
3148
43
3311
1644
3045
2136
3553
41
2281
3028
2335
1605
961
3231
3660
342
2737
3906
3069
2170
1148
4340
1050
3368
4208
2859
1253
4364
850
3478
630
1802
4931
303
1707
3835
177
1127
2008
3495
4497
4582
503
2664
1334
4450
6
1501
407
3325
3451
2429
2580
271
1544
2068
2323
2907
2738
983
865
2543
2532
4036
1927
206
2212
2379
1985
2980
4117
3862
1163
1750
190
3290
3199
4922
2589
3043
1382
605
433
3591
4344
4791
1468
4290
567
2387
526
1759
3861
2231
1807
2367
3854
4402
1935
3475
204
4645
4925
2519
4890
1554
3229
3438
914
4509
74
2233
1461
1219
2040
3849
1162
1168
4884
1742
3852
2349
3985
2393
3025
2174
25
1328
3891
2523
2014
3735
3784
1113
3435
113
4511
2985
2847
3003
4347
1367
500
3783
1953
4688
3012
731
1070
189
2235
3948
1691
238
4686
3266
771
3196
3431
873
3650
2879
950
1103
3633
3398
2793
3977
4630
4550
146
4995
3709
3168
1058
1744
2637
1929
198
72
770
4691
106
4954
1438
1246
2173
1705
4311
643
3762
620
184
1192
2984
877
2078
4766
2238
4533
3776
4593
4302
921
4297
354
2700
2865
128
735
2384
1516
2730
4250
1675
1941
3875
4996
4625
1106
2534
3008
965
193
2275
1589
3323
833
3086
370
3175
2395
3679
2579
2413
490
2284
3903
1898
1330
2565
3372
1108
976
3588
1157
4473
417
2018
2091
3702
2867
4391
4772
1394
2974
1563
3283
4796
404
3782
4019
2786
1606
2202
1338
4128
4396
1882
3837
4608
674
1281
3536
1767
1406
1234
3989
3925
2725
1463
2292
1212
4398
4399
658
4564
4249
2663
2230
1233
4980
243
2302
2743
596
3133
1920
1464
2239
2889
673
3622
2676
1908
239
4045
430
3580
3410
4487
3324
2719
853
2903
1785
1213
3742
2478
3039
4784
1288
3112
4472
315
3759
1650
929
4943
518
4776
1602
1803
2512
4024
1515
2880
1667
2219
16
1904
352
2427
136
1545
2274
1089
1651
2575
2801
2113
1201
4055
3005
2706
2300
1788
262
2428
4902
1167
3979
3668
2656
3443
508
1895
31
1597
1763
3987
2488
4722
3973
1353
1744
1173
2820
4604
3041
3380
2311
4861
3004
4426
4542
733
1859
2249
4765
4168
2717
4523
3394
3513
2277
4034
2159
1300
392
1077
2178
2547
1485
4341
1370
3736
4163
3370
2705
3219
4275
4005
2388
187
2577
4996
1514
2641
1244
2505
3653
1455
2554
2807
1782
730
1462
2590
1924
1705
2497
1721
365
1043
3261
93
3387
1538
38
2654
919
2864
4718
3556
676
1579
996
51
4730
1658
1489
2686
1406
4119
3225
274
3085
3230
2624
3896
3833
2726
2423
4566
4425
1388
4723
375
3863
2374
859
2572
827
4955
4855
2757
1119
3021
2087
1768
3974
3796
4229
4609
4635
3336
1204
4264
4189
1914
1708
3573
1311
3599
4282
2740
1675
1877
1347
2731
1607
3284
4362
4598
4751
3490
1531
1040
1635
459
911
997
1337
4953
1965
2102
3548
4254
1454
3465
17
3031
1982
2249
1503
3869
532
4475
2838
3235
569
1835
4728
1262
1405
2851
822
4641
3006
4054
2546
491
3314
1490
1178
2450
3096
1828
2038
592
4018
331
3635
3346
1532
1933
4087
20
739
4111
719
2474
1637
452
4813
1996
3450
73
3356
3192
1890
952
683
360
1068
945
3220
3818
2780
3623
4484
2240
2418
694
4094
4620
2583
3172
1232
3257
2248
585
809
654
4998
250
3222
3559
4100
1164
651
2486
3940
1122
1427
3188
236
4789
708
4962
1147
2372
2825
697
2131
2758
237
1901
575
651
1808
1570
2994
750
3667
1764
2724
2377
4465
2166
3545
525
1000
1445
1027
1291
222
3062
1278
1538
3637
4879
2196
4420
3871
1733
4521
566
4567
1821
270
3606
1264
4471
3134
2370
4143
76
3251
4917
4840
83
2355
3423
3957
2716
4063
4017
4281
2065
1252
649
1024
350
614
2336
432
2643
3128
1304
2405
663
382
4445
3059
4647
620
2853
2243
3568
2905
2849
3947
4093
4864
920
1139
3643
1440
712
2108
3075
847
361
1263
2313
1254
1280
385
544
967
2709
363
4057
2338
2831
3945
2295
1247
2557
3472
2668
3288
3400
4701
1508
840
766
1689
1137
4947
3879
4595
1423
2522
3333
964
489
298
818
3156
1388
1091
3954
4245
4616
2753
4265
2673
4758
4952
3072
3125
4302
4165
3163
4047
4042
3121
1311
4477
3631
3917
259
4410
1082
1804
3789
4907
4851
3749
3910
321
1875
3928
1527
586
2268
3592
4510
40
101
3770
2828
1099
1035
2966
4323
2149
2456
2489
2341
4309
4528
1565
2105
4142
4640
1921
1415
3377
461
2627
3098
4095
2552
1072
15
2871
3829
2911
4590
3706
3858
2944
2878
1475
4069
3035
1327
1120
3626
2481
2382
4890
3214
4918
1073
42
3901
1680
3238
881
2468
2386
4636
1343
2007
3750
2822
1250
2134
4118
4587
3643
476
669
2218
1869
3884
4150
147
4199
2237
598
3712
3949
1975
4156
3442
3122
903
377
924
3983
2581
3851
3857
1951
2936
2922
4713
4579
2977
2484
617
3593
2666
1289
4989
4130
351
2076
662
1605
2526
4812
290
1760
2126
270
1492
281
4709
380
2120
2923
4554
677
933
5
4877
1349
4521
1340
1870
185
2909
3321
1371
2733
4476
3503
3105
2048
3929
498
2583
3567
3445
2185
4809
799
2099
3479
1718
209
1418
3454
3802
4389
2121
4491
2841
4372
186
1536
4126
4914
2812
1699
4897
1469
984
4579
2655
1494
1971
4662
4806
2915
4416
3421
3520
3962
2652
3463
3878
2053
4506
2866
3496
1658
4527
2043
3744
32
925
829
3821
1441
2814
4563
2009
2961
1064
3527
1157
3255
252
403
1762
2270
1510
2445
4810
4382
3234
1949
1595
4322
4992
1839
4443
631
3509
3272
807
2106
1166
1269
2011
2745
2163
1074
2729
4201
1333
2877
144
4981
239
814
202
2767
4180
4021
3995
3913
4889
4190
2071
1692
1575
2432
4576
3545
2595
3119
3665
172
3958
4632
1360
3313
3131
2901
2218
3433
1230
4601
1055
3051
1217
2689
4820
3594
4715
623
1533
1519
81
4692
4173
369
4494
962
4847
4549
3397
443
4731
3657
229
1400
913
2804
3922
3461
4151
3050
4829
4374
2613
3540
2935
4606
659
2301
4676
3847
4838
2254
2810
3383
3878
1838
1297
3628
4650
4764
3491
472
4929
3447
862
3251
125
2544
4219
3116
313
1496
975
1061
1124
1546
1205
3604
21
861
4461
904
851
1556
2216
4666
4355
3446
2937
2128
1011
4936
3655
132
3484
4828
3027
1641
2730
1755
3790
883
3331
4498
2619
1325
3697
682
4965
2358
2162
1325
3807
4225
4769
1747
2057
2640
2515
4260
4861
2843
4599
366
4014
116
3146
1761
3345
4489
1194
2504
1683
232
2844
855
2198
4050
1562
704
4392
4007
2394
3754
291
233
4081
3271
3312
1186
4916
2154
3079
2971
2931
811
2004
3392
2492
513
978
3074
4694
3844
3067
1864
3671
4525
949
422
3836
3996
3904
1754
4714
1816
3939
4492
3822
1115
1816
3716
4495
4568
841
3993
3120
3683
2348
47
1144
4056
155
761
3304
126
1199
4284
2307
3242
837
1214
3305
1273
1416
22
1214
564
4112
2177
1160
1357
330
3918
4026
675
4974
3598
3990
3056
2868
1026
792
3771
2537
4039
50
2261
2800
2660
3620
1865
2687
590
1396
1553
1625
990
1716
4183
587
1065
1551
26
4759
424
3968
1726
1408
2667
2097
1491
4871
224
4252
2699
4923
4078
1992
4696
4429
1824
4278
3642
2058
4561
2696
127
1399
4241
4671
4771
2142
681
3176
3191
4550
791
2152
3907
1191
821
4931
4747
1590
3413
362
2346
4334
2776
2353
2347
2660
995
1977
3342
1442
1969
1032
3809
1211
240
531
1888
1809
4969
3801
90
266
310
3494
3254
1774
4938
4712
3203
3113
2225
3280
3158
3052
10
3351
2157
4877
713
3081
3848
18
3804
987
4460
1429
3471
4071
293
4378
4014
1518
1820
4584
3278
4660
3508
4944
519
752
561
391
1101
4911
3909
3526
910
4901
3505
935
989
4673
602
3327
3277
1404
3360
111
504
1694
4932
4883
2100
1509
4560
2294
826
1466
2006
4148
1986
3245
668
4185
540
4053
4756
2500
4667
701
2585
1012
3670
440
386
918
301
3147
2796
2444
3161
2764
96
2297
3036
4539
555
3399
1999
1866
3800
4957
401
481
3620
3408
3049
3531
3532
1599
1561
2620
4138
3933
1522
3341
2226
1409
4339
4570
4083
2147
2482
1217
1412
4757
2679
607
4352
2116
2528
3240
4303
3145
960
3307
282
3007
2566
609
4621
3055
1880
1126
287
845
425
2155
3646
1014
431
828
4684
4011
2409
1270
2088
1603
4927
4401
2975
1084
2433
2602
3527
188
3538
4293
4955
141
3080
1585
3385
3154
1779
539
435
404
565
4605
4064
400
165
769
1668
3827
1505
69
4181
3578
2876
3212
4818
343
2610
4257
2008
2690
1535
1028
3350
3282
4375
1672
3824
2115
70
2267
2129
3110
615
515
4514
4
3555
4825
2755
3111
2549
3761
4729
4025
3
4455
4795
3612
771
2098
1032
912
1987
4552
3469
2818
1787
794
4792
2886
2363
1795
8
688
2846
2081
1271
3710
3115
3291
4485
2477
21
3919
2406
3126
1480
3150
3394
3065
4360
3241
2304
387
2631
1237
4454
3956
4164
3897
2995
3786
1473
4012
779
474
2651
1849
3087
645
721
2550
2471
4433
1981
1397
4699
2392
4437
1827
4819
1730
524
4231
218
426
3695
698
700
1819
4569
2924
4282
207
2452
703
2596
3176
3567
2447
3931
4037
2026
2616
2650
4844
1056
333
777
1374
4777
1768
3474
4168
1840
1021
2967
3242
3153
4258
611
1614
3184
1336
2999
1498
3652
3916
3755
2560
3418
65
3666
2042
4001
3673
3332
880
4252
3317
1142
4547
3438
1334
4155
4867
3342
3434
1231
2410
666
1308
4066
119
3367
1117
867
1318
1413
2715
900
108
1308
4706
2735
4970
1703
2051
2251
2175
2320
1677
834
138
1425
3767
4622
2839
4202
4049
1450
2279
741
2754
162
528
1710
2109
511
456
4198
1387
1622
4336
2431
4770
2667
669
1642
813
3764
340
948
560
165
2333
3429
3426
742
2899
943
3117
338
2598
1628
3029
1696
1195
521
2517
4075
1156
831
3558
376
3613
3114
1135
890
1229
1853
1857
4732
222
2920
2436
4693
1207
1453
801
3565
263
4538
993
3403
2067
1592
4267
4263
464
999
4786
52
4009
3298
2391
2870
407
4139
1170
864
1634
3732
1868
2399
3444
1764
256
3856
4500
71
4649
2229
4973
4921
4751
2625
4073
1457
60
4846
1331
533
4799
955
3656
82
2837
4912
3535
3832
3523
1038
1287
3404
3923
2609
959
3366
4273
4710
3516
395
2575
846
316
1569
2769
3064
4449
261
3478
3389
795
3363
1860
4985
1697
2789
2553
1610
4781
1967
359
2367
4431
2707
2998
2210
2168
1512
3322
1328
1190
520
1197
1317
1724
4737
4209
751
702
541
1898
957
4817
2495
4280
3269
4524
626
4949
731
2675
2410
633
1098
4068
1694
1044
4672
3347
4116
3450
1955
2439
4868
3617
2567
226
4532
1908
1474
3440
4791
787
4459
3764
1739
2559
581
2702
4773
1506
2578
27
4242
512
3519
4613
3727
4195
2562
4774
1972
3746
3088
4966
4227
4038
2803
1521
1496
4033
2564
1805
1205
1900
4614
328
4482
2364
255
1880
1526
1811
4440
4659
4140
3374
4838
4381
2883
4834
273
1265
1009
3155
53
414
4079
3728
4023
1712
2404
2350
339
1222
2531
1702
4920
1954
4083
1788
2904
168
2749
4660
4990
1086
726
2079
4815
2208
2233
4683
2608
4959
2612
552
2093
4738
3843
264
4872
323
878
1481
411
4349
113
2200
3708
4213
4874
4443
2027
3482
107
3720
1858
2053
3812
2117
4961
768
1179
4255
1609
2856
3197
1743
1909
4876
1436
2206
3600
297
1476
2511
2397
4419
4900
2124
1393
2450
4051
599
3279
986
4269
1659
2299
2826
3590
374
1019
2968
1345
215
3144
3747
1504
4074
2938
3103
366
2701
1829
2614
3689
3467
3938
4326
3068
2710
2437
3605
1944
3262
1825
3507
3468
1611
808
988
3641
3638
1979
1111
4195
1031
133
2885
4376
1398
2434
2950
28
1938
1977
3817
160
92
2055
1713
2103
3166
3369
1048
2312
3302
4598
355
3413
3258
656
2317
1067
747
595
3107
4311
3206
4166
1381
1639
2746
144
3301
1358
319
4755
661
3701
4152
1299
4972
3853
1563
4617
2276
1679
4279
1725
937
2744
749
2061
3483
3338
1770
2253
3898
1655
993
143
2119
1172
1384
3129
4595
3195
479
3684
2615
3673
1731
1444
2722
3101
1425
3091
156
2784
3455
1687
248
2168
4188
2381
3723
4515
2213
466
1302
2509
2344
1057
2540
2597
4271
706
2149
1917
1305
4273
2387
142
2702
4855
2759
3950
4662
4975
1722
3504
823
1552
4451
1434
3236
260
2771
2046
4520
4221
4464
4594
2560
2232
635
2890
212
2462
843
313
2465
1740
2639
947
179
1100
2258
4289
3246
2064
2908
1107
3477
4978
4266
3564
1928
4563
3685
517
1636
4403
1013
4393
3714
3294
1293
468
2082
610
2178
4427
1361
895
4159
137
3742
3731
181
4127
3396
3448
2949
3337
4411
4743
3931
1570
4558
2472
2819
3988
535
154
979
685
4321
3811
4230
3626
4191
4507
2060
4361
4496
951
163
3487
1487
4786
1907
3736
203
1110
4536
1223
371
3740
2366
665
1437
2161
4120
2882
4028
4779
4436
1934
2024
2378
4750
2372
4644
1832
4481
3725
3151
509
1401
1225
896
3016
4107
122
928
2723
2939
1189
905
2972
2401
3545
1615
353
3942
4059
3532
534
1484
974
4657
3223
1585
3971
3190
1419
45
3412
1719
1242
2467
3445
34
4544
3157
3563
1116
3315
3763
3473
2025
1833
102
1848
4450
3492
4236
502
2990
1548
3951
4224
4790
465
4504
3038
4964
1448
1566
3715
2829
2270
3089
2625
3343
2131
781
1187
1385
200
1918
1535
715
390
1224
4681
2861
2486
3581
3572
2352
2293
448
965
759
2657
1024
482
870
3469
1507
36
152
1667
4516
4830
1034
3217
1966
2469
2139
2606
3495
591
588
3640
1559
4367
2003
956
4513
258
1573
2562
4160
413
3186
1948
3870
792
44
2694
860
100
776
1650
3384
4857
3138
3106
4325
2324
3983
2059
3579
4246
1142
2635
1060
3026
2287
203
570
4136
641
842
268
2928
4904
2834
450
1455
4048
130
4384
1483
763
1568
3884
4091
2777
2535
2516
755
2836
3228
4032
2029
292
2555
4173
2991
3103
3118
1153
4940
416
4512
3571
3419
1129
1737
1375
2588
4979
1154
1341
737
3822
3528
1451
4849
2321
199
294
2306
3520
1477
4676
3135
2202
3989
2030
1080
1994
3688
2756
3510
176
3769
1962
4526
4651
4800
3207
242
4906
307
4103
3432
1683
98
2766
245
907
3951
1831
4638
2345
2804
3030
1042
309
4915
1066
4434
992
4369
4656
379
420
2265
3638
3888
4240
4413
4407
3664
4184
2480
3457
96
201
2957
3603
1385
812
1987
1096
3831
2089
4578
1844
2536
4833
2124
39
2160
2114
3339
3353
1513
140
485
4739
1964
4469
56
2077
1580
295
4708
1662
4845
478
4363
1741
3511
2916
3264
2461
1499
3140
1093
4744
4442
3100
219
1867
3718
2678
3608
830
3079
3799
2456
1685
4887
1128
2016
4337
2153
2795
2982
2688
4217
4623
3365
414
2781
2870
4098
4038
4271
4951
1209
1356
4405
3249
2408
2964
4945
2683
563
3787
3194
1850
3542
2768
931
2135
4029
4655
1616
2052
1095
4013
1648
1360
1432
2525
2308
3141
3589
1019
1915
1888
4760
377
3679
2670
2015
4720
1799
2954
2079
1583
115
3406
4687
1281
1210
4726
4742
3542
2714
3048
3972
816
3541
3886
819
2507
231
640
2587
235
1715
689
3774
3745
48
1529
4704
2514
3980
4891
2779
326
1185
283
2979
716
545
2586
547
553
2851
1028
3127
4479
1913
124
4944
2736
3893
155
4611
897
1916
4517
2958
318
4814
2661
3868
