212
14
150
1653
1
1398
1921
1670
1362
284
699
1166
297
1973
6
477
1946
1752
1862
531
776
1036
594
1018
1370
1021
646
534
232
685
1348
1265
1844
1821
1229
85
1383
914
1687
876
450
1568
692
304
1106
1163
417
274
1459
1332
141
112
1240
772
1947
663
847
127
57
712
1237
1599
1961
915
206
331
158
1897
1149
570
508
1556
1217
499
653
644
1233
494
1567
1068
1224
1022
356
383
283
506
1900
737
990
654
392
800
1425
1049
360
1646
161
551
391
1543
1790
1157
741
505
1400
925
1967
1740
1607
1992
1822
1993
624
1532
1365
1251
696
177
848
1895
574
270
1380
398
131
1346
662
502
1953
647
1466
374
405
1065
1566
1522
369
1261
1548
1883
1658
305
176
1431
1498
535
1906
1698
82
1590
1038
1454
128
1169
1266
464
1721
366
1115
1211
1377
963
941
1288
243
184
1949
1422
580
169
1619
1910
1716
479
1735
1218
434
1672
703
590
554
1117
989
1885
1924
649
587
1107
739
1620
1500
282
1600
1965
116
1695
762
377
754
814
1846
1642
1661
794
557
1345
1865
1024
1004
1412
1165
83
227
1472
1514
588
828
132
1893
1146
1471
1328
916
956
80
268
1669
1486
209
1439
1791
264
1061
231
104
1258
1366
1629
808
1475
1773
840
1884
602
1450
1456
1560
735
862
151
676
76
470
1494
1904
1683
1487
1206
1329
277
701
1631
15
358
655
975
197
831
353
1296
51
1347
1512
973
1417
677
105
872
1667
168
730
1611
1358
1026
1084
1461
1388
1815
1340
1933
555
185
612
367
1100
1093
702
1743
901
1376
384
1034
829
1364
191
323
1162
1027
1001
818
607
879
233
1789
1742
1108
490
1141
1102
451
1304
487
408
1928
1694
1962
1271
1020
1807
1806
1453
722
1685
725
1182
469
826
918
255
601
1575
1192
32
155
1942
789
252
820
874
393
47
174
1361
72
119
936
576
643
1008
745
496
1427
1016
10
481
1691
773
342
1355
1955
1072
718
827
362
613
492
1818
1138
929
190
899
372
1104
337
542
75
1009
488
1324
1845
422
1907
308
261
1496
1622
1581
149
1718
548
1750
746
108
26
1925
639
742
942
1227
1175
1179
386
1323
1235
1255
77
310
1998
572
640
87
724
395
1316
1445
1155
1741
1525
1112
412
402
380
88
604
1095
70
907
214
1172
1648
1066
736
1582
788
1956
1894
948
1110
1113
1922
437
1869
562
476
686
1226
1242
1681
753
784
20
1114
983
1405
1313
1908
891
1843
1246
42
622
1610
1426
1243
17
1655
1558
1189
1938
844
1490
932
461
1220
778
1805
1912
608
1390
1079
1738
751
48
830
1137
59
1564
1087
299
744
1378
988
1823
953
1542
240
1397
1338
1890
890
1140
1070
1586
18
1554
861
1314
1785
675
1659
172
1778
249
295
1677
1755
1039
642
91
1410
170
628
832
1809
1966
1531
1201
1064
706
401
1546
262
1941
987
596
1701
700
480
1851
1551
944
423
1591
1618
1363
1936
183
322
959
468
1509
263
1478
1879
1579
1505
838
1802
994
1766
1394
931
1392
1817
1684
1990
1406
993
1930
547
804
1939
796
1094
1105
964
1606
446
1290
1042
1436
811
1444
859
1315
1732
1167
319
1402
378
1437
835
779
1278
1529
1830
1887
966
1647
71
1583
375
1086
236
1183
1601
1309
1920
954
1970
1154
1468
200
1810
1934
81
1342
1510
1221
1911
1268
816
962
78
1868
471
799
315
1446
394
1858
107
732
723
1860
797
1771
1971
853
986
1705
1799
1352
1043
1099
1013
1652
1044
1054
1263
1123
1164
1122
597
338
955
1836
1381
1679
456
1734
714
517
1709
1931
871
902
1710
433
201
431
275
1751
1264
1784
810
585
1760
1772
1449
627
64
898
1673
154
726
541
1511
347
1779
672
34
1190
1527
1126
285
982
389
61
1593
1950
583
1482
972
787
935
1173
1792
659
207
1135
1019
1819
403
1503
1341
90
92
770
785
1516
1280
160
1872
439
998
192
1023
1357
257
1214
606
1230
1196
1081
1435
1776
22
860
1960
1757
908
246
1584
1804
126
633
1168
198
684
1985
459
1158
1690
1625
667
605
819
329
1097
883
793
1484
1160
1675
681
1986
995
1604
1614
951
1903
669
705
824
1344
1980
1537
815
1393
220
1244
1372
178
904
448
1724
892
1132
164
294
1327
865
1411
1007
1269
1180
837
1174
1989
1722
455
273
1301
1798
1248
29
1187
1951
564
1127
1473
1641
334
352
458
516
733
1334
219
195
1699
1199
1863
1014
359
111
560
698
1434
978
203
1730
525
1763
302
760
1523
758
1720
1968
1688
404
1513
981
1295
147
1145
1349
1028
721
1747
527
1952
1119
289
69
795
1033
1310
763
806
300
809
523
893
54
905
1005
1419
927
1319
509
382
834
1811
1291
324
504
1373
1360
118
1613
489
1031
693
1853
1433
526
1282
351
438
1161
298
759
1474
775
482
1286
1572
1715
1825
738
45
129
781
1896
1800
691
1598
1202
1130
316
1368
1632
812
196
1177
1379
12
999
1535
1046
1326
1277
1479
1770
1197
843
1639
327
1118
1391
406
167
1864
923
1944
1707
1664
272
426
823
330
365
279
529
1762
1455
1855
1389
896
1671
208
1257
335
1204
1605
457
1643
1270
1781
1874
187
688
957
1649
1833
1285
449
841
340
381
1078
764
538
1047
472
1386
1975
1812
878
822
674
325
1059
886
466
410
1764
258
1538
1519
124
1129
992
1573
1305
1536
727
1726
1561
113
937
415
528
553
1693
636
1151
55
1768
1200
1847
1808
1704
805
1415
922
940
253
1565
224
1828
9
880
1476
1216
1156
1281
566
1124
418
1530
997
425
1871
1085
1541
171
777
530
345
363
821
1194
313
413
1996
343
1495
385
919
1339
1337
271
13
1188
213
546
1557
278
549
204
845
501
136
1279
682
1892
138
720
1638
950
1994
1367
579
1888
1483
1737
66
1988
875
1193
312
465
1602
460
52
373
1336
1451
1325
473
689
1195
1452
710
484
291
153
1209
1057
1139
1839
2000
1462
24
731
453
958
1983
1765
803
1748
430
216
30
839
1875
1940
513
615
858
1185
1300
1899
768
584
239
1585
1318
1170
301
1464
1504
863
1414
1050
251
1550
573
766
1597
1469
1774
60
1689
1082
1761
1350
199
1969
388
1801
1958
478
1440
852
524
1739
1756
120
1485
1359
1354
1077
1650
244
1736
854
1307
336
1935
1418
1626
715
578
1571
1069
707
318
491
599
750
1387
1232
868
949
1630
1429
550
1521
290
968
610
68
1011
1191
1867
1746
1176
1786
435
1234
887
1432
74
991
1866
1731
592
1759
1852
1886
969
1121
533
159
1048
581
867
1549
1706
1430
182
851
333
519
1676
1330
900
1832
1972
303
1877
1275
1976
717
1702
1795
930
967
598
589
792
1003
1385
296
634
424
419
1559
140
1493
1959
1526
62
938
1835
774
801
716
976
1831
1000
223
1901
115
339
1711
1101
371
1517
1186
1524
1775
1589
1539
671
651
1984
755
1840
1343
36
1111
507
575
1259
869
348
226
163
11
740
1824
884
250
638
595
162
414
1963
614
1274
1826
1171
1249
1128
1758
1797
836
96
873
307
1592
1769
719
157
1035
1712
211
1506
885
110
420
1041
194
1816
1881
1917
462
175
713
1733
379
1645
668
1463
1470
522
134
802
1796
1236
1873
520
95
889
591
485
440
344
355
1981
511
561
791
1448
543
1915
1717
977
1133
1063
341
1062
1250
1827
396
1396
326
1574
1577
833
287
306
786
256
1697
943
683
961
31
882
1458
695
780
697
1617
1870
1991
1700
411
1467
556
235
1351
1006
1964
866
1621
586
1090
658
400
850
1562
1488
1040
1125
1603
186
234
1219
1609
1477
238
1948
1623
652
1408
783
1923
1857
1636
1424
911
1744
984
397
603
1096
743
148
1728
445
39
1814
552
563
582
41
1413
637
1089
1136
259
709
317
1552
1153
1247
1060
443
35
387
452
1421
67
165
515
1423
1320
521
38
1239
577
971
1150
1303
58
1010
767
40
1842
56
1460
1616
1515
4
1407
1987
680
1212
320
280
1292
1053
101
518
1331
1540
1369
1995
1207
864
1002
979
1120
248
218
544
1420
616
1312
1159
5
109
917
888
1520
146
894
1913
635
1793
1245
813
1222
1371
293
708
1075
1012
1813
428
1587
28
441
281
44
1615
1073
1820
1856
881
1696
135
512
1780
632
106
137
1147
650
2
565
292
43
1289
1260
1563
202
928
1891
1727
1267
817
63
1692
166
288
188
1918
1502
1223
229
540
630
242
1029
1508
1254
626
173
1317
180
368
1788
648
1708
444
1570
1088
664
19
619
221
1662
558
1547
1299
625
661
436
1208
1997
618
1608
1213
1501
474
266
1228
510
241
8
1404
130
711
1666
945
960
1491
84
25
483
1131
1978
609
1203
1898
611
495
1829
1654
704
1457
1787
121
761
1767
1311
568
156
757
1083
376
1624
181
100
631
1333
1238
1356
514
144
974
1144
53
1262
1297
1909
769
1889
1465
98
926
1335
260
629
215
1058
980
1443
286
1902
1205
409
1074
73
117
1489
920
65
939
748
205
1674
1578
1657
645
1533
1905
350
673
1777
849
125
1713
1293
532
265
1656
1015
623
237
600
1382
142
432
559
897
567
670
1876
1080
133
539
1794
179
1017
1441
1399
429
621
493
1178
1916
454
1841
571
1051
1861
500
21
1803
1882
1052
1302
1198
1076
1409
665
475
536
1308
970
364
399
332
1507
228
1447
225
924
909
1979
1276
537
97
913
856
1256
354
1492
1919
1401
952
1497
463
996
1594
1943
114
756
467
1640
427
102
1932
1725
1481
1253
1854
497
314
1273
3
1838
1032
660
877
690
1714
790
1849
1627
1837
1719
569
1974
486
1783
782
855
442
1322
1914
1834
1184
734
1782
139
89
906
1416
1937
1848
1252
903
1686
857
846
1553
1680
1148
49
1225
765
1098
16
678
752
1030
23
1745
947
1678
247
921
1384
728
679
1055
1957
1091
189
1612
1321
276
103
1723
143
1210
593
1595
1633
666
912
1403
1152
798
1668
1528
1428
390
1298
1954
267
94
1116
1109
1753
346
1241
1634
1143
230
254
1287
1729
1682
1375
1749
37
729
657
965
895
825
357
1628
217
122
321
1284
1665
1442
1071
407
1977
1353
1637
1272
870
210
985
749
416
1067
933
7
503
771
1663
1181
46
1754
617
1499
311
1306
1037
93
1374
1518
1215
1660
361
86
1045
1534
747
1588
1929
33
910
50
269
1438
1231
27
193
123
1103
1859
1926
1544
99
1142
1651
222
1596
934
946
1982
152
1480
79
309
1927
1545
694
620
1025
1056
349
1555
1644
1635
1092
1850
498
1569
328
842
1294
641
1945
421
656
1576
1283
1878
1999
447
145
807
1703
687
1880
245
1395
545
1580
1134
370
